194.150	4.174
194.410	4.192
194.670	4.201
194.930	4.059
195.190	4.168
195.450	4.114
195.700	4.229
195.960	4.135
196.220	4.141
196.480	4.080
196.740	4.044
197.000	4.051
197.260	4.146
197.520	4.123
197.770	4.144
198.030	4.115
198.290	4.157
198.550	4.083
198.810	4.139
199.070	4.115
199.330	4.143
199.590	4.138
199.850	4.085
200.100	3.981
200.360	4.018
200.620	3.984
200.880	3.988
201.140	3.952
201.400	3.950
201.660	3.923
201.920	3.903
202.180	3.947
202.440	3.970
202.690	3.969
202.950	3.982
203.210	3.908
203.470	3.994
203.730	3.944
203.990	4.007
204.250	3.947
204.510	4.089
204.770	4.099
205.030	4.037
205.290	3.984
205.550	4.033
205.810	3.997
206.070	3.986
206.320	3.927
206.580	3.978
206.840	3.883
207.100	3.917
207.360	3.710
207.620	3.756
207.880	3.763
208.140	3.772
208.400	3.714
208.660	3.779
208.920	3.836
209.180	3.885
209.440	3.865
209.700	3.917
209.960	3.906
210.220	3.998
210.480	3.921
210.740	3.947
211.000	3.918
211.260	3.916
211.520	3.881
211.780	3.883
212.040	3.832
212.300	3.865
212.560	3.805
212.820	3.879
213.080	3.774
213.340	3.808
213.600	3.740
213.860	3.867
214.120	3.852
214.380	3.859
214.640	3.797
214.900	3.879
215.160	3.815
215.420	3.939
215.680	3.902
215.940	4.017
216.200	4.032
216.460	4.082
216.720	3.990
216.980	4.117
217.240	4.108
217.500	4.200
217.760	4.152
218.020	4.187
218.280	4.150
218.540	4.198
218.800	4.148
219.060	4.188
219.320	4.185
219.580	4.266
219.840	4.153
220.100	4.210
220.360	4.160
220.620	4.220
220.880	4.196
221.140	4.253
221.400	4.212
221.660	4.285
221.920	4.260
222.180	4.304
222.440	4.264
222.710	4.348
222.970	4.315
223.230	4.382
223.490	4.330
223.750	4.379
224.010	4.307
224.270	4.375
224.530	4.280
224.790	4.325
225.050	4.254
225.310	4.308
225.570	4.266
225.830	4.304
226.100	4.263
226.360	4.304
226.620	4.241
226.880	4.277
227.140	4.193
227.400	4.249
227.660	4.162
227.920	4.218
228.180	4.126
228.440	4.181
228.700	4.097
228.970	4.095
229.230	4.086
229.490	4.127
229.750	4.088
230.010	4.157
230.270	4.092
230.530	4.143
230.790	4.106
231.050	4.072
231.320	3.958
231.580	4.070
231.840	4.038
232.100	4.030
232.360	3.982
232.620	4.044
232.880	3.881
233.150	3.910
233.410	3.834
233.670	3.935
233.930	3.940
234.190	4.038
234.450	3.974
234.710	3.988
234.980	3.977
235.240	4.064
235.500	4.025
235.760	4.108
236.020	4.062
236.280	4.140
236.540	4.012
236.810	4.093
237.070	4.003
237.330	4.067
237.590	4.025
237.850	4.051
238.110	3.939
238.380	3.957
238.640	3.963
238.900	4.030
239.160	3.969
239.420	4.046
239.690	4.026
239.950	4.125
240.210	4.030
240.470	4.039
240.730	3.990
240.990	4.102
241.260	4.060
241.520	4.075
241.780	4.054
242.040	4.174
242.300	4.122
242.570	4.175
242.830	4.141
243.090	4.215
243.350	4.234
243.620	4.247
243.880	4.216
244.140	4.269
244.400	4.238
244.660	4.268
244.930	4.166
245.190	4.249
245.450	4.183
245.710	4.202
245.970	4.147
246.240	4.174
246.500	4.133
246.760	4.117
247.020	4.063
247.290	4.067
247.550	4.013
247.810	4.040
248.070	3.930
248.340	4.010
248.600	3.946
248.860	3.974
249.120	3.919
249.390	3.986
249.650	4.011
249.910	4.060
250.170	4.044
250.440	4.105
250.700	4.039
250.960	4.073
251.220	3.929
251.490	3.974
251.750	3.919
252.010	3.915
252.280	3.860
252.540	3.823
252.800	3.708
253.060	3.776
253.330	3.632
253.590	3.677
253.850	3.658
254.120	3.786
254.380	3.747
254.640	3.835
254.900	3.831
255.170	3.810
255.430	3.811
255.690	3.866
255.960	3.772
256.220	3.847
256.480	3.889
256.750	3.943
257.010	3.879
257.270	3.892
257.530	3.777
257.800	3.838
258.060	3.811
258.320	3.822
258.590	3.748
258.850	3.887
259.110	3.834
259.380	3.863
259.640	3.767
259.900	3.852
260.170	3.824
260.430	3.898
260.690	3.782
260.960	3.894
261.220	3.919
261.480	3.959
261.750	3.951
262.010	4.035
262.270	3.984
262.540	4.022
262.800	3.985
263.060	4.046
263.330	4.031
263.590	4.140
263.860	4.090
264.120	4.069
264.380	4.087
264.650	4.060
264.910	4.023
265.170	4.070
265.440	4.074
265.700	4.101
265.960	4.027
266.230	4.047
266.490	3.974
266.760	4.020
267.020	4.021
267.280	4.027
267.550	4.012
267.810	3.980
268.070	3.887
268.340	3.909
268.600	3.779
268.870	3.818
269.130	3.755
269.390	3.782
269.660	3.699
269.920	3.697
270.190	3.636
270.450	3.566
270.710	3.474
270.980	3.549
271.240	3.395
271.510	3.488
271.770	3.400
272.040	3.469
272.300	3.399
272.560	3.456
272.830	3.357
273.090	3.284
273.360	3.321
273.620	3.512
273.890	3.501
274.150	3.700
274.410	3.666
274.680	3.712
274.940	3.658
275.210	3.666
275.470	3.738
275.740	3.757
276.000	3.819
276.260	3.792
276.530	3.739
276.790	3.716
277.060	3.589
277.320	3.600
277.590	3.517
277.850	3.618
278.120	3.559
278.380	3.449
278.650	3.433
278.910	3.415
279.170	3.412
279.440	3.413
279.700	3.392
279.970	3.473
280.230	3.533
280.500	3.557
280.760	3.446
281.030	3.615
281.290	3.636
281.560	3.662
281.820	3.622
282.090	3.758
282.350	3.836
282.620	3.905
282.880	3.868
283.150	3.893
283.410	3.915
283.680	3.936
283.940	3.900
284.210	3.860
284.470	3.856
284.740	3.839
285.000	3.725
285.270	3.633
285.530	3.554
285.800	3.556
286.060	3.513
286.330	3.556
286.590	3.480
286.860	3.523
287.120	3.551
287.390	3.537
287.650	3.531
287.920	3.549
288.190	3.563
288.450	3.680
288.720	3.672
288.980	3.618
289.250	3.562
289.510	3.626
289.780	3.475
290.040	3.496
290.310	3.555
290.570	3.671
290.840	3.599
291.110	3.561
291.370	3.360
291.640	3.314
291.900	3.358
292.170	3.414
292.430	3.299
292.700	3.433
292.960	3.392
293.230	3.341
293.500	3.204
293.760	3.319
294.030	3.330
294.290	3.468
294.560	3.465
294.820	3.495
295.090	3.309
295.360	3.427
295.620	3.268
295.890	3.458
296.150	3.447
296.420	3.508
296.690	3.395
296.950	3.474
297.220	3.366
297.480	3.470
297.750	3.401
298.020	3.544
298.280	3.462
298.550	3.569
298.810	3.383
299.080	3.445
299.350	3.398
299.610	3.437
299.880	3.407
300.140	3.416
300.410	3.220
300.680	3.314
300.940	3.268
301.210	3.388
301.480	3.313
301.740	3.364
302.010	3.293
302.270	3.345
302.540	3.404
302.810	3.302
303.070	3.322
303.340	3.428
303.610	3.303
303.870	3.344
304.140	3.322
304.410	3.387
304.670	3.342
304.940	3.359
305.210	3.375
305.470	3.441
305.740	3.448
306.000	3.455
306.270	3.422
306.540	3.444
306.800	3.359
307.070	3.274
307.340	3.335
307.600	3.365
307.870	3.232
308.140	3.184
308.410	3.016
308.670	3.110
308.940	3.061
309.210	3.078
309.470	3.128
309.740	3.314
310.010	3.263
310.270	3.180
310.540	2.974
310.810	3.192
311.070	3.196
311.340	3.307
311.610	3.236
311.870	3.303
312.140	3.344
312.410	3.326
312.680	3.205
312.940	3.289
313.210	3.280
313.480	3.470
313.740	3.386
314.010	3.299
314.280	3.023
314.550	2.923
314.810	2.689
315.080	2.606
315.350	2.673
315.610	2.692
315.880	2.636
316.150	2.846
316.420	2.681
316.680	2.560
316.950	2.788
317.220	3.074
317.490	3.178
317.750	3.296
318.020	3.387
318.290	3.435
318.560	3.377
318.820	3.490
319.090	3.420
319.360	3.475
319.630	3.624
319.890	3.698
320.160	3.680
320.430	3.735
320.700	3.639
320.960	3.531
321.230	3.484
321.500	3.563
321.770	3.457
322.040	3.474
322.300	3.507
322.570	3.469
322.840	3.384
323.110	3.508
323.370	3.457
323.640	3.555
323.910	3.582
324.180	3.596
324.450	3.596
324.710	3.675
324.980	3.648
325.250	3.610
325.520	3.581
325.790	3.663
326.050	3.548
326.320	3.635
326.590	3.655
326.860	3.732
327.130	3.756
327.390	3.785
327.660	3.792
327.930	3.815
328.200	3.835
328.470	3.875
328.730	3.820
329.000	3.889
329.270	3.893
329.540	3.960
329.810	3.906
330.080	3.936
330.340	3.951
330.610	3.947
330.880	3.932
331.150	4.029
331.420	4.007
331.690	4.106
331.950	4.078
332.220	4.078
332.490	4.122
332.760	4.220
333.030	4.209
333.300	4.295
333.570	4.316
333.830	4.390
334.100	4.375
334.370	4.428
334.640	4.376
334.910	4.450
335.180	4.457
335.450	4.430
335.710	4.391
335.980	4.432
336.250	4.377
336.520	4.440
336.790	4.436
337.060	4.473
337.330	4.431
337.600	4.463
337.860	4.444
338.130	4.446
338.400	4.489
338.670	4.527
338.940	4.502
339.210	4.528
339.480	4.480
339.750	4.493
340.020	4.425
340.290	4.482
340.550	4.510
340.820	4.545
341.090	4.548
341.360	4.582
341.630	4.606
341.900	4.662
342.170	4.672
342.440	4.713
342.710	4.702
342.980	4.740
343.250	4.760
343.510	4.746
343.780	4.733
344.050	4.765
344.320	4.726
344.590	4.705
344.860	4.701
345.130	4.741
345.400	4.699
345.670	4.728
345.940	4.731
346.210	4.741
346.480	4.756
346.750	4.798
347.020	4.793
347.290	4.834
347.560	4.871
347.830	4.890
348.090	4.866
348.360	4.909
348.630	4.908
348.900	4.943
349.170	4.951
349.440	4.967
349.710	4.933
349.980	4.965
350.250	4.954
350.520	4.977
350.790	4.988
351.060	4.990
351.330	5.006
351.600	5.049
351.870	5.056
352.140	5.059
352.410	5.053
352.680	5.101
352.950	5.100
353.220	5.117
353.490	5.100
353.760	5.085
354.030	5.110
354.300	5.119
354.570	5.104
354.840	5.114
355.110	5.118
355.380	5.128
355.650	5.115
355.920	5.120
356.190	5.121
356.460	5.131
356.730	5.143
357.000	5.144
357.270	5.135
357.540	5.143
357.810	5.126
358.080	5.127
358.350	5.141
358.620	5.144
358.890	5.130
359.160	5.141
359.430	5.143
359.700	5.145
359.970	5.131
360.240	5.153
360.520	5.146
360.790	5.165
361.060	5.177
361.330	5.179
361.600	5.179
361.870	5.204
362.140	5.205
362.410	5.205
362.680	5.218
362.950	5.240
363.220	5.223
363.490	5.241
363.760	5.241
364.030	5.242
364.300	5.231
364.570	5.237
364.840	5.239
365.120	5.248
365.390	5.253
365.660	5.247
365.930	5.243
366.200	5.248
366.470	5.231
366.740	5.231
367.010	5.226
367.280	5.235
367.550	5.240
367.820	5.235
368.100	5.227
368.370	5.228
368.640	5.230
368.910	5.234
369.180	5.235
369.450	5.229
369.720	5.214
369.990	5.227
370.260	5.229
370.530	5.229
370.810	5.223
371.080	5.223
371.350	5.224
371.620	5.219
371.890	5.205
372.160	5.220
372.430	5.238
372.700	5.251
372.980	5.231
373.250	5.241
373.520	5.224
373.790	5.233
374.060	5.215
374.330	5.215
374.600	5.209
374.880	5.213
375.150	5.188
375.420	5.171
375.690	5.151
375.960	5.158
376.230	5.128
376.500	5.139
376.780	5.116
377.050	5.116
377.320	5.090
377.590	5.084
377.860	5.083
378.130	5.077
378.410	5.050
378.680	5.046
378.950	5.017
379.220	5.015
379.490	4.982
379.760	4.973
380.040	4.946
380.310	4.928
380.580	4.907
380.850	4.879
381.120	4.860
381.400	4.883
381.670	4.857
381.940	4.842
382.210	4.802
382.480	4.811
382.760	4.782
383.030	4.780
383.300	4.758
383.570	4.760
383.840	4.727
384.120	4.734
384.390	4.669
384.660	4.660
384.930	4.608
385.200	4.624
385.480	4.535
385.750	4.521
386.020	4.484
386.290	4.475
386.570	4.414
386.840	4.391
387.110	4.296
387.380	4.305
387.650	4.281
387.930	4.322
388.200	4.233
388.470	4.225
388.740	4.157
389.020	4.137
389.290	4.099
389.560	4.061
389.830	4.012
390.110	3.960
390.380	3.840
390.650	3.830
390.920	3.785
391.200	3.790
391.470	3.800
391.740	3.853
392.010	3.796
392.290	3.731
392.560	3.656
392.830	3.679
393.110	3.723
393.380	3.822
393.650	3.812
393.920	3.778
394.200	3.777
394.470	3.712
394.740	3.684
395.020	3.669
395.290	3.665
395.560	3.776
395.830	3.809
396.110	3.801
396.380	3.770
396.650	3.701
396.930	3.646
397.200	3.595
397.470	3.690
397.740	3.634
398.020	3.676
398.290	3.720
398.560	3.703
398.840	3.666
399.110	3.652
399.380	3.688
399.660	3.704
399.930	3.757
400.200	3.816
400.480	3.859
400.750	3.882
401.020	3.890
401.300	3.834
401.570	3.817
401.840	3.785
402.120	3.823
402.390	3.734
402.660	3.740
402.940	3.632
403.210	3.551
403.480	3.362
403.760	3.304
404.030	3.160
404.300	3.283
404.580	3.252
404.850	3.244
405.120	3.115
405.400	3.104
405.670	3.031
405.940	3.143
406.220	3.257
406.490	3.313
406.770	3.292
407.040	3.502
407.310	3.395
407.590	3.397
407.860	3.460
408.130	3.575
408.410	3.590
408.680	3.642
408.960	3.621
409.230	3.576
409.500	3.587
409.780	3.652
410.050	3.553
410.320	3.588
410.600	3.505
410.870	3.494
411.150	3.408
411.420	3.502
411.690	3.473
411.970	3.586
412.240	3.603
412.520	3.650
412.790	3.659
413.060	3.656
413.340	3.659
413.610	3.798
413.890	3.799
414.160	3.844
414.440	3.806
414.710	3.813
414.980	3.807
415.260	3.825
415.530	3.806
415.810	3.841
416.080	3.864
416.360	3.922
416.630	3.888
416.900	3.892
417.180	3.847
417.450	3.909
417.730	3.890
418.000	3.919
418.280	3.860
418.550	3.840
418.830	3.794
419.100	3.850
419.370	3.824
419.650	3.741
419.920	3.707
420.200	3.744
420.470	3.684
420.750	3.705
421.020	3.626
421.300	3.668
421.570	3.675
421.850	3.700
422.120	3.554
422.400	3.594
422.670	3.686
422.940	3.745
423.220	3.702
423.490	3.750
423.770	3.735
424.040	3.722
424.320	3.676
424.590	3.674
424.870	3.623
425.140	3.681
425.420	3.630
425.690	3.593
425.970	3.533
426.240	3.601
426.520	3.454
426.790	3.474
427.070	3.346
427.340	3.374
427.620	3.315
427.890	3.322
428.170	3.321
428.440	3.279
428.720	3.159
428.990	3.106
429.270	3.036
429.550	3.074
429.820	2.899
430.100	3.074
430.370	3.146
430.650	3.368
430.920	3.463
431.200	3.491
431.470	3.547
431.750	3.667
432.020	3.745
432.300	3.731
432.570	3.725
432.850	3.758
433.120	3.733
433.400	3.780
433.680	3.677
433.950	3.525
434.230	3.438
434.500	3.443
434.780	3.394
435.050	3.332
435.330	3.399
435.610	3.527
435.880	3.589
436.160	3.683
436.430	3.661
436.710	3.676
436.980	3.699
437.260	3.714
437.540	3.686
437.810	3.734
438.090	3.733
438.360	3.733
438.640	3.665
438.910	3.670
439.190	3.556
439.470	3.539
439.740	3.628
440.020	3.712
440.290	3.690
440.570	3.694
440.850	3.581
441.120	3.633
441.400	3.573
441.670	3.581
441.950	3.598
442.230	3.692
442.500	3.652
442.780	3.483
443.050	3.378
443.330	3.465
443.610	3.431
443.880	3.486
444.160	3.423
444.440	3.506
444.710	3.424
444.990	3.362
445.260	3.385
445.540	3.396
445.820	3.452
446.090	3.605
446.370	3.603
446.650	3.734
446.920	3.761
447.200	3.829
447.480	3.829
447.750	3.948
448.030	3.961
448.310	3.893
448.580	3.943
448.860	3.992
449.140	3.918
449.410	3.855
449.690	3.744
449.960	3.736
450.240	3.619
450.520	3.658
450.790	3.429
451.070	3.449
451.350	3.521
451.630	3.513
451.900	3.506
452.180	3.522
452.460	3.517
452.730	3.588
453.010	3.575
453.290	3.705
453.560	3.614
453.840	3.773
454.120	3.811
454.390	3.835
454.670	3.795
454.950	3.804
455.220	3.824
455.500	3.924
455.780	3.874
456.060	3.906
456.330	3.791
456.610	3.840
456.890	3.796
457.160	3.839
457.440	3.783
457.720	3.788
458.000	3.722
458.270	3.750
458.550	3.606
458.830	3.672
459.100	3.641
459.380	3.673
459.660	3.610
459.940	3.658
460.210	3.482
460.490	3.421
460.770	3.404
461.050	3.514
461.320	3.366
461.600	3.514
461.880	3.404
462.160	3.420
462.430	3.464
462.710	3.518
462.990	3.427
463.270	3.426
463.540	3.427
463.820	3.453
464.100	3.347
464.380	3.392
464.650	3.266
464.930	3.377
465.210	3.381
465.490	3.349
465.760	3.304
466.040	3.280
466.320	3.340
466.600	3.474
466.880	3.461
467.150	3.544
467.430	3.603
467.710	3.699
467.990	3.634
468.260	3.661
468.540	3.621
468.820	3.646
469.100	3.690
469.380	3.722
469.650	3.650
469.930	3.682
470.210	3.575
470.490	3.586
470.770	3.485
471.040	3.522
471.320	3.413
471.600	3.441
471.880	3.373
472.160	3.431
472.440	3.355
472.710	3.427
472.990	3.330
473.270	3.433
473.550	3.348
473.830	3.358
474.100	3.283
474.380	3.315
474.660	3.290
474.940	3.222
475.220	3.089
475.500	3.164
475.770	3.059
476.050	3.097
476.330	2.957
476.610	3.082
476.890	3.075
477.170	3.199
477.450	3.074
477.720	3.185
478.000	3.226
478.280	3.212
478.560	3.161
478.840	3.277
479.120	3.310
479.400	3.401
479.670	3.264
479.950	3.292
480.230	3.257
480.510	3.425
480.790	3.369
481.070	3.462
481.350	3.499
481.630	3.506
481.900	3.382
482.180	3.401
482.460	3.289
482.740	3.442
483.020	3.452
483.300	3.512
483.580	3.489
483.860	3.445
484.140	3.261
484.410	3.398
484.690	3.260
484.970	3.271
485.250	3.278
485.530	3.357
485.810	3.294
486.090	3.342
486.370	3.205
486.650	3.314
486.930	3.333
487.210	3.463
487.480	3.384
487.760	3.576
488.040	3.573
488.320	3.576
488.600	3.562
488.880	3.591
489.160	3.523
489.440	3.632
489.720	3.519
490.000	3.586
490.280	3.555
490.560	3.557
490.840	3.446
491.120	3.556
491.400	3.525
491.670	3.518
491.950	3.556
492.230	3.602
492.510	3.492
492.790	3.507
493.070	3.409
493.350	3.484
493.630	3.405
493.910	3.499
494.190	3.404
494.470	3.403
494.750	3.340
495.030	3.143
495.310	3.032
495.590	3.135
495.870	3.013
496.150	3.113
496.430	3.027
496.710	3.035
496.990	2.897
497.270	2.995
497.550	2.895
497.830	3.061
498.110	3.182
498.390	3.321
498.670	3.286
498.950	3.388
499.230	3.469
499.510	3.448
499.790	3.428
500.070	3.511
500.350	3.488
500.630	3.489
500.910	3.481
501.190	3.499
501.470	3.464
501.750	3.540
502.030	3.556
502.310	3.542
502.590	3.478
502.870	3.550
503.150	3.463
503.430	3.445
503.710	3.475
503.990	3.400
504.270	3.285
504.550	3.349
504.830	3.346
505.110	3.270
505.390	3.226
505.670	3.316
505.950	3.327
506.230	3.375
506.510	3.329
506.790	3.377
507.080	3.351
507.360	3.396
507.640	3.302
507.920	3.198
508.200	3.206
508.480	3.173
508.760	3.101
509.040	3.126
509.320	3.059
509.600	3.112
509.880	3.010
510.160	3.117
510.440	3.064
510.720	3.012
511.000	3.007
511.290	3.148
511.570	3.082
511.850	3.228
512.130	3.111
512.410	3.155
512.690	3.140
512.970	3.207
513.250	3.093
513.530	3.250
513.810	3.323
514.090	3.357
514.380	3.341
514.660	3.466
514.940	3.453
515.220	3.518
515.500	3.604
515.780	3.690
516.060	3.725
516.340	3.823
516.620	3.810
516.910	3.792
517.190	3.797
517.470	3.739
517.750	3.672
518.030	3.688
518.310	3.589
518.590	3.526
518.870	3.481
519.160	3.443
519.440	3.366
519.720	3.466
520.000	3.471
520.280	3.470
520.560	3.457
520.840	3.497
521.130	3.464
521.410	3.553
521.690	3.529
521.970	3.544
522.250	3.520
522.530	3.614
522.810	3.441
523.100	3.505
523.380	3.424
523.660	3.469
523.940	3.410
524.220	3.452
524.500	3.449
524.790	3.484
525.070	3.402
525.350	3.485
525.630	3.359
525.910	3.430
526.200	3.347
526.480	3.439
526.760	3.445
527.040	3.536
527.320	3.525
527.600	3.514
527.890	3.547
528.170	3.658
528.450	3.574
528.730	3.618
529.010	3.622
529.300	3.636
529.580	3.636
529.860	3.673
530.140	3.612
530.420	3.564
530.710	3.549
530.990	3.562
531.270	3.533
531.550	3.681
531.840	3.700
532.120	3.627
532.400	3.696
532.680	3.687
532.960	3.716
533.250	3.679
533.530	3.734
533.810	3.748
534.090	3.695
534.380	3.687
534.660	3.608
534.940	3.568
535.220	3.599
535.510	3.545
535.790	3.498
536.070	3.415
536.350	3.469
536.640	3.501
536.920	3.482
537.200	3.528
537.480	3.416
537.770	3.369
538.050	3.369
538.330	3.499
538.610	3.455
538.900	3.564
539.180	3.613
539.460	3.600
539.740	3.474
540.030	3.508
540.310	3.458
540.590	3.654
540.880	3.563
541.160	3.584
541.440	3.487
541.720	3.501
542.010	3.440
542.290	3.368
542.570	3.405
542.860	3.500
543.140	3.471
543.420	3.453
543.700	3.216
543.990	3.394
544.270	3.392
544.550	3.371
544.840	3.326
545.120	3.341
545.400	3.340
545.690	3.340
545.970	3.297
546.250	3.263
546.540	3.211
546.820	3.229
547.100	3.089
547.390	2.983
547.670	2.975
547.950	3.073
548.230	3.031
548.520	3.047
548.800	2.978
549.080	2.996
549.370	3.065
549.650	3.130
549.930	3.174
550.220	3.209
550.500	3.261
550.790	3.340
551.070	3.316
551.350	3.215
551.640	3.235
551.920	3.305
552.200	3.188
552.490	3.186
552.770	3.310
553.050	3.355
553.340	3.311
553.620	3.392
553.900	3.276
554.190	3.420
554.470	3.481
554.760	3.487
555.040	3.463
555.320	3.617
555.610	3.638
555.890	3.688
556.170	3.663
556.460	3.820
556.740	3.717
557.030	3.802
557.310	3.659
557.590	3.742
557.880	3.738
558.160	3.796
558.450	3.761
558.730	3.801
559.010	3.616
559.300	3.616
559.580	3.448
559.870	3.597
560.150	3.547
560.430	3.670
560.720	3.609
561.000	3.634
561.290	3.639
561.570	3.670
561.850	3.577
562.140	3.664
562.420	3.658
562.710	3.644
562.990	3.607
563.280	3.646
563.560	3.562
563.840	3.520
564.130	3.474
564.410	3.449
564.700	3.372
564.980	3.462
565.270	3.472
565.550	3.543
565.840	3.607
566.120	3.626
566.400	3.588
566.690	3.583
566.970	3.607
567.260	3.615
567.540	3.510
567.830	3.558
568.110	3.589
568.400	3.562
568.680	3.473
568.970	3.547
569.250	3.463
569.540	3.507
569.820	3.457
570.100	3.521
570.390	3.473
570.670	3.533
570.960	3.449
571.240	3.430
571.530	3.462
571.810	3.494
572.100	3.388
572.380	3.515
572.670	3.434
572.950	3.438
573.240	3.429
573.520	3.544
573.810	3.553
574.090	3.582
574.380	3.563
574.660	3.546
574.950	3.568
575.230	3.618
575.520	3.527
575.800	3.603
576.090	3.705
576.370	3.703
576.660	3.659
576.940	3.672
577.230	3.615
577.510	3.620
577.800	3.635
578.090	3.657
578.370	3.565
578.660	3.532
578.940	3.526
579.230	3.593
579.510	3.534
579.800	3.522
580.080	3.486
580.370	3.611
580.650	3.600
580.940	3.654
581.220	3.624
581.510	3.748
581.800	3.765
582.080	3.753
582.370	3.616
582.650	3.732
582.940	3.722
583.220	3.702
583.510	3.578
583.800	3.558
584.080	3.453
584.370	3.449
584.650	3.409
584.940	3.483
585.220	3.460
585.510	3.458
585.800	3.325
586.080	3.348
586.370	3.373
586.650	3.478
586.940	3.487
587.220	3.559
587.510	3.571
587.800	3.511
588.080	3.433
588.370	3.525
588.650	3.578
588.940	3.524
589.230	3.474
589.510	3.464
589.800	3.545
590.080	3.606
590.370	3.575
590.660	3.618
590.940	3.623
591.230	3.672
591.510	3.667
591.800	3.684
592.090	3.716
592.370	3.802
592.660	3.799
592.950	3.734
593.230	3.718
593.520	3.725
593.800	3.664
594.090	3.771
594.380	3.708
594.660	3.659
594.950	3.548
595.240	3.704
595.520	3.557
595.810	3.544
596.100	3.566
596.380	3.564
596.670	3.532
596.960	3.529
597.240	3.417
597.530	3.463
597.820	3.473
598.100	3.599
598.390	3.473
598.680	3.620
598.960	3.680
599.250	3.621
599.540	3.572
599.820	3.618
600.110	3.640
600.400	3.672
600.680	3.636
600.970	3.623
601.260	3.580
601.540	3.495
601.830	3.385
602.120	3.421
602.400	3.474
602.690	3.408
602.980	3.354
603.260	3.287
603.550	3.248
603.840	3.338
604.130	3.317
604.410	3.325
604.700	3.325
604.990	3.328
605.270	3.258
605.560	3.141
605.850	3.164
606.130	3.191
606.420	3.222
606.710	3.174
607.000	3.108
607.280	3.204
607.570	3.099
607.860	3.178
608.150	3.177
608.430	3.185
608.720	3.226
609.010	3.367
609.290	3.365
609.580	3.363
609.870	3.347
610.160	3.395
610.440	3.236
610.730	3.313
611.020	3.314
611.310	3.401
611.590	3.388
611.880	3.416
612.170	3.261
612.460	3.177
612.740	3.096
613.030	3.360
613.320	3.357
613.610	3.523
613.890	3.524
614.180	3.530
614.470	3.556
614.760	3.566
615.050	3.612
615.330	3.692
615.620	3.778
615.910	3.873
616.200	3.715
616.480	3.665
616.770	3.615
617.060	3.750
617.350	3.761
617.640	3.732
617.920	3.721
618.210	3.789
618.500	3.719
618.790	3.695
619.080	3.658
619.360	3.726
619.650	3.762
619.940	3.811
620.230	3.680
620.520	3.735
620.800	3.719
621.090	3.686
621.380	3.582
621.670	3.645
621.960	3.625
622.240	3.625
622.530	3.616
622.820	3.669
623.110	3.593
623.400	3.648
623.690	3.576
623.970	3.602
624.260	3.617
624.550	3.728
624.840	3.695
625.130	3.801
625.420	3.750
625.700	3.743
625.990	3.694
626.280	3.704
626.570	3.689
626.860	3.748
627.150	3.712
627.440	3.753
627.720	3.626
628.010	3.661
628.300	3.506
628.590	3.705
628.880	3.669
629.170	3.719
629.460	3.722
629.740	3.755
630.030	3.675
630.320	3.713
630.610	3.716
630.900	3.784
631.190	3.806
631.480	3.874
631.770	3.794
632.050	3.841
632.340	3.809
632.630	3.807
632.920	3.710
633.210	3.814
633.500	3.823
633.790	3.751
634.080	3.712
634.370	3.666
634.650	3.545
634.940	3.502
635.230	3.468
635.520	3.428
635.810	3.330
636.100	3.317
636.390	3.066
636.680	2.959
636.970	3.020
637.260	3.083
637.550	3.157
637.840	3.325
638.120	3.360
638.410	3.435
638.700	3.473
638.990	3.658
639.280	3.707
639.570	3.751
639.860	3.768
640.150	3.775
640.440	3.683
640.730	3.631
641.020	3.510
641.310	3.525
641.600	3.398
641.890	3.446
642.180	3.250
642.470	3.301
642.750	3.454
643.040	3.545
643.330	3.519
643.620	3.641
643.910	3.718
644.200	3.746
644.490	3.736
644.780	3.766
645.070	3.646
645.360	3.724
645.650	3.669
645.940	3.631
646.230	3.562
646.520	3.662
646.810	3.649
647.100	3.606
647.390	3.600
647.680	3.583
647.970	3.600
648.260	3.738
648.550	3.714
648.840	3.762
649.130	3.723
649.420	3.780
649.710	3.758
650.000	3.744
650.290	3.753
650.580	3.812
650.870	3.786
651.160	3.769
651.450	3.772
651.740	3.731
652.030	3.691
652.320	3.646
652.610	3.587
652.900	3.565
653.190	3.517
653.480	3.497
653.770	3.393
654.060	3.345
654.350	3.385
654.640	3.260
654.930	3.239
655.220	3.236
655.510	3.180
655.800	3.146
656.090	3.071
656.380	3.107
656.680	3.031
656.970	3.159
657.260	3.230
657.550	3.262
657.840	3.294
658.130	3.312
658.420	3.329
658.710	3.443
659.000	3.412
659.290	3.460
659.580	3.408
659.870	3.539
660.160	3.464
660.450	3.466
660.740	3.413
661.030	3.392
661.320	3.433
661.620	3.457
661.910	3.442
662.200	3.448
662.490	3.421
662.780	3.467
663.070	3.327
663.360	3.407
663.650	3.451
663.940	3.468
664.230	3.469
664.520	3.518
664.820	3.594
665.110	3.640
665.400	3.659
665.690	3.647
665.980	3.658
666.270	3.686
666.560	3.751
666.850	3.809
667.140	3.763
667.440	3.813
667.730	3.773
668.020	3.740
668.310	3.670
668.600	3.677
668.890	3.692
669.180	3.791
669.470	3.846
669.770	3.781
670.060	3.732
670.350	3.803
670.640	3.794
670.930	3.806
671.220	3.779
671.510	3.808
671.800	3.746
672.100	3.769
672.390	3.637
672.680	3.561
672.970	3.618
673.260	3.647
673.550	3.516
673.850	3.514
674.140	3.508
674.430	3.562
674.720	3.566
675.010	3.666
675.300	3.654
675.600	3.669
675.890	3.697
676.180	3.698
676.470	3.665
676.760	3.726
677.050	3.692
677.350	3.735
677.640	3.715
677.930	3.710
678.220	3.713
678.510	3.740
678.800	3.769
679.100	3.767
679.390	3.684
679.680	3.663
679.970	3.648
680.260	3.687
680.560	3.647
680.850	3.627
681.140	3.634
681.430	3.594
681.720	3.547
682.020	3.508
682.310	3.591
682.600	3.669
682.890	3.703
683.190	3.775
683.480	3.726
683.770	3.719
684.060	3.697
684.350	3.727
684.650	3.731
684.940	3.775
685.230	3.812
685.520	3.748
685.820	3.721
686.110	3.741
686.400	3.654
686.690	3.663
686.990	3.606
687.280	3.629
687.570	3.569
687.860	3.647
688.160	3.584
688.450	3.468
688.740	3.485
689.030	3.497
689.330	3.338
689.620	3.451
689.910	3.449
690.200	3.533
690.500	3.500
690.790	3.544
691.080	3.456
691.370	3.431
691.670	3.425
691.960	3.400
692.250	3.325
692.550	3.416
692.840	3.287
693.130	3.341
693.420	3.321
693.720	3.361
694.010	3.287
694.300	3.294
694.600	3.263
694.890	3.394
695.180	3.351
695.470	3.457
695.770	3.407
696.060	3.410
696.350	3.324
696.650	3.241
696.940	3.201
697.230	3.275
697.530	3.133
697.820	3.291
698.110	3.240
698.400	3.352
698.700	3.240
698.990	3.239
699.280	3.247
699.580	3.304
699.870	3.331
700.160	3.424
700.460	3.307
700.750	3.492
701.040	3.449
701.340	3.483
701.630	3.502
701.920	3.564
702.220	3.570
702.510	3.644
702.800	3.634
703.100	3.684
703.390	3.634
703.690	3.800
703.980	3.774
704.270	3.778
704.570	3.757
704.860	3.683
705.150	3.710
705.450	3.767
705.740	3.776
706.030	3.783
706.330	3.802
706.620	3.864
706.910	3.814
707.210	3.774
707.500	3.795
707.800	3.865
708.090	3.907
708.380	3.893
708.680	3.878
708.970	3.897
709.270	3.880
709.560	3.887
709.850	3.817
710.150	3.795
710.440	3.781
710.730	3.710
711.030	3.633
711.320	3.656
711.620	3.609
711.910	3.616
712.200	3.509
712.500	3.663
712.790	3.614
713.090	3.583
713.380	3.607
713.680	3.714
713.970	3.734
714.260	3.758
714.560	3.634
714.850	3.590
715.150	3.567
715.440	3.606
715.730	3.485
716.030	3.524
716.320	3.582
716.620	3.515
716.910	3.509
717.210	3.539
717.500	3.458
717.800	3.528
718.090	3.568
718.380	3.582
718.680	3.611
718.970	3.609
719.270	3.551
719.560	3.520
719.860	3.556
720.150	3.536
720.450	3.559
720.740	3.649
721.040	3.602
721.330	3.658
721.620	3.607
721.920	3.555
722.210	3.503
722.510	3.466
722.800	3.468
723.100	3.465
723.390	3.415
723.690	3.433
723.980	3.388
724.280	3.482
724.570	3.431
724.870	3.481
725.160	3.441
725.460	3.503
725.750	3.568
726.050	3.595
726.340	3.547
726.640	3.490
726.930	3.402
727.230	3.352
727.520	3.370
727.820	3.364
728.110	3.346
728.410	3.416
728.700	3.519
729.000	3.618
729.290	3.524
729.590	3.524
729.880	3.578
730.180	3.653
730.470	3.648
730.770	3.580
731.060	3.535
731.360	3.631
731.650	3.585
731.950	3.454
732.240	3.398
732.540	3.550
732.840	3.573
733.130	3.552
733.430	3.567
733.720	3.739
734.020	3.722
734.310	3.740
734.610	3.693
734.900	3.800
735.200	3.825
735.490	3.831
735.790	3.804
736.090	3.875
736.380	3.965
736.680	3.923
736.970	3.796
737.270	3.872
737.560	3.867
737.860	3.863
738.160	3.804
738.450	3.814
738.750	3.753
739.040	3.779
739.340	3.675
739.630	3.595
739.930	3.605
740.230	3.654
740.520	3.623
740.820	3.632
741.110	3.619
741.410	3.627
741.710	3.602
742.000	3.718
742.300	3.657
742.590	3.679
742.890	3.640
743.190	3.674
743.480	3.659
743.780	3.616
744.070	3.665
744.370	3.692
744.670	3.647
744.960	3.634
745.260	3.510
745.550	3.561
745.850	3.497
746.150	3.590
746.440	3.591
746.740	3.604
747.040	3.570
747.330	3.602
747.630	3.570
747.930	3.652
748.220	3.616
748.520	3.647
748.810	3.608
749.110	3.723
749.410	3.635
749.700	3.602
750.000	3.588
750.300	3.661
750.590	3.666
750.890	3.662
751.190	3.617
751.480	3.672
751.780	3.652
752.080	3.661
752.370	3.577
752.670	3.705
752.970	3.725
753.260	3.694
753.560	3.694
753.860	3.677
754.150	3.644
754.450	3.634
754.750	3.648
755.040	3.694
755.340	3.667
755.640	3.648
755.930	3.512
756.230	3.539
756.530	3.586
756.820	3.600
757.120	3.550
757.420	3.607
757.720	3.635
758.010	3.684
758.310	3.571
758.610	3.580
758.900	3.624
759.200	3.686
759.500	3.622
759.790	3.668
760.090	3.611
760.390	3.606
760.690	3.515
760.980	3.482
761.280	3.483
761.580	3.597
761.870	3.642
762.170	3.697
762.470	3.616
762.770	3.611
763.060	3.553
763.360	3.663
763.660	3.679
763.960	3.726
764.250	3.798
764.550	3.786
764.850	3.733
765.150	3.773
765.440	3.771
765.740	3.873
766.040	3.910
766.340	3.963
766.630	3.947
766.930	3.990
767.230	4.056
767.530	4.063
767.820	4.049
768.120	4.133
768.420	4.130
768.720	4.132
769.010	4.097
769.310	4.160
769.610	4.137
769.910	4.091
770.210	4.105
770.500	4.072
770.800	4.064
771.100	4.087
771.400	4.053
771.690	4.067
771.990	4.093
772.290	4.087
772.590	3.952
772.890	3.999
773.180	4.082
773.480	4.034
773.780	4.022
774.080	3.985
774.380	3.942
774.670	3.949
774.970	3.882
775.270	3.810
775.570	3.788
775.870	3.932
776.160	3.879
776.460	3.765
776.760	3.719
777.060	3.750
777.360	3.727
777.660	3.712
777.950	3.597
778.250	3.588
778.550	3.553
778.850	3.519
779.150	3.411
779.450	3.308
779.740	3.412
780.040	3.467
780.340	3.346
780.640	3.404
780.940	3.429
781.240	3.489
781.530	3.503
781.830	3.557
782.130	3.596
782.430	3.666
782.730	3.714
783.030	3.687
783.330	3.763
783.620	3.780
783.920	3.779
784.220	3.845
784.520	3.823
784.820	3.868
785.120	3.826
785.420	3.870
785.720	3.769
786.010	3.777
786.310	3.743
786.610	3.624
786.910	3.651
787.210	3.568
787.510	3.421
787.810	3.389
788.110	3.330
788.400	3.363
788.700	3.271
789.000	3.299
789.300	3.299
789.600	3.395
789.900	3.381
790.200	3.371
790.500	3.451
790.800	3.585
791.100	3.648
791.390	3.664
791.690	3.680
791.990	3.781
792.290	3.793
792.590	3.816
792.890	3.813
793.190	3.864
793.490	3.818
793.790	3.851
794.090	3.771
794.390	3.805
794.690	3.777
794.990	3.808
795.290	3.811
795.580	3.872
795.880	3.897
796.180	3.913
796.480	3.911
796.780	3.996
797.080	4.013
797.380	4.176
797.680	4.144
797.980	4.224
798.280	4.248
798.580	4.269
798.880	4.280
799.180	4.292
799.480	4.282
799.780	4.303
800.080	4.268
800.380	4.261
800.680	4.154
800.980	4.152
801.280	4.098
801.580	4.090
801.880	4.008
802.180	4.093
802.480	4.035
802.780	4.105
803.080	4.059
803.380	4.078
803.670	4.057
803.970	4.053
804.270	4.064
804.570	4.098
804.870	4.081
805.170	4.128
805.470	4.043
805.770	4.107
806.070	4.067
806.370	4.135
806.670	4.154
806.970	4.131
807.280	4.182
807.580	4.229
807.880	4.179
808.180	4.198
808.480	4.191
808.780	4.201
809.080	4.154
809.380	4.164
809.680	4.109
809.980	4.137
810.280	4.172
810.580	4.089
810.880	4.076
811.180	4.189
811.480	4.200
811.780	4.170
812.080	4.133
812.380	4.179
812.680	4.115
812.980	4.150
813.280	4.120
813.580	4.226
813.880	4.285
814.180	4.272
814.480	4.209
814.780	4.233
815.080	4.241
815.390	4.234
815.690	4.206
815.990	4.277
816.290	4.236
816.590	4.250
816.890	4.114
817.190	4.095
817.490	4.087
817.790	4.099
818.090	4.041
818.390	4.033
818.690	4.008
818.990	3.964
819.300	3.841
819.600	3.903
819.900	3.822
820.200	3.871
820.500	3.858
820.800	3.894
821.100	3.789
821.400	3.744
821.700	3.678
822.000	3.754
822.310	3.772
822.610	3.811
822.910	3.764
823.210	3.842
823.510	3.798
823.810	3.743
824.110	3.703
824.410	3.772
824.710	3.767
825.020	3.799
825.320	3.815
825.620	3.884
825.920	3.880
826.220	3.936
826.520	3.921
826.820	3.888
827.120	3.899
827.430	3.930
827.730	3.921
828.030	3.967
828.330	4.021
828.630	3.982
828.930	3.904
829.230	3.943
829.540	3.927
829.840	3.908
830.140	3.897
830.440	3.919
830.740	3.903
831.040	3.892
831.350	3.891
831.650	3.882
831.950	3.915
832.250	3.933
832.550	3.930
832.850	3.927
833.160	3.955
833.460	4.050
833.760	4.053
834.060	4.069
834.360	4.081
834.670	4.091
834.970	4.088
835.270	4.070
835.570	4.089
835.870	4.084
836.170	4.070
836.480	4.036
836.780	4.007
837.080	4.026
837.380	4.034
837.680	4.038
837.990	4.019
838.290	4.040
838.590	4.014
838.890	3.986
839.190	3.965
839.500	3.968
839.800	3.997
840.100	4.024
840.400	4.049
840.710	4.006
841.010	3.994
841.310	4.025
841.610	3.962
841.910	3.983
842.220	3.973
842.520	4.037
842.820	4.002
843.120	4.042
843.430	4.019
843.730	3.969
844.030	3.962
844.330	3.993
844.640	3.948
844.940	4.035
845.240	4.035
845.540	4.102
845.850	4.101
846.150	4.231
846.450	4.264
846.750	4.294
847.060	4.315
847.360	4.369
847.660	4.367
847.960	4.370
848.270	4.334
848.570	4.324
848.870	4.281
849.180	4.277
849.480	4.189
849.780	4.132
850.080	4.112
850.390	4.044
850.690	3.980
850.990	3.959
851.300	3.929
851.600	3.952
851.900	3.947
852.200	3.934
852.510	3.845
852.810	3.881
853.110	3.828
853.420	3.822
853.720	3.865
854.020	3.875
854.330	3.829
854.630	3.894
854.930	3.870
855.230	3.853
855.540	3.877
855.840	3.940
856.140	3.887
856.450	3.962
856.750	3.996
857.050	4.064
857.360	4.071
857.660	4.077
857.960	4.052
858.270	4.110
858.570	4.179
858.870	4.176
859.180	4.172
859.480	4.197
859.780	4.124
860.090	4.125
860.390	4.086
860.690	4.065
861.000	4.089
861.300	4.082
861.600	4.000
861.910	3.974
862.210	3.966
862.520	3.940
862.820	3.885
863.120	3.928
863.430	3.853
863.730	3.881
864.030	3.876
864.340	3.944
864.640	3.957
864.940	4.034
865.250	4.026
865.550	4.081
865.860	4.105
866.160	4.167
866.460	4.209
866.770	4.276
867.070	4.270
867.380	4.304
867.680	4.276
867.980	4.290
868.290	4.244
868.590	4.242
868.900	4.198
869.200	4.206
869.500	4.170
869.810	4.144
870.110	4.095
870.420	4.076
870.720	4.047
871.020	4.029
871.330	3.979
871.630	4.032
871.940	4.023
872.240	4.039
872.540	4.000
872.850	4.035
873.150	3.994
873.460	3.987
873.760	3.971
874.070	4.025
874.370	3.990
874.670	4.031
874.980	4.030
875.280	4.032
875.590	4.052
875.890	4.057
876.200	4.013
876.500	4.094
876.810	4.097
877.110	4.081
877.410	3.999
877.720	4.030
878.020	4.006
878.330	3.968
878.630	3.912
878.940	3.937
879.240	3.965
879.550	3.924
879.850	3.864
880.160	3.898
880.460	3.926
880.770	3.988
881.070	3.966
881.370	3.963
881.680	3.936
881.980	3.967
882.290	3.889
882.590	3.882
882.900	3.899
883.200	3.846
883.510	3.796
883.810	3.800
884.120	3.801
884.420	3.912
884.730	3.923
885.030	3.964
885.340	3.993
885.640	4.094
885.950	4.114
886.250	4.154
886.560	4.261
886.860	4.301
887.170	4.288
887.470	4.299
887.780	4.217
888.080	4.251
888.390	4.257
888.690	4.270
889.000	4.214
889.310	4.196
889.610	4.199
889.920	4.182
890.220	4.132
890.530	4.164
890.830	4.123
891.140	4.187
891.440	4.121
891.750	4.066
892.050	4.021
892.360	4.029
892.660	3.976
892.970	3.974
893.280	3.882
893.580	3.897
893.890	3.834
894.190	3.822
894.500	3.741
894.800	3.826
895.110	3.846
895.410	3.889
895.720	3.780
896.030	3.874
896.330	3.888
896.640	3.863
896.940	3.807
897.250	3.841
897.550	3.849
897.860	3.870
898.170	3.873
898.470	3.893
898.780	3.845
899.080	3.917
899.390	3.881
899.700	3.878
900.000	3.829
900.310	3.908
900.610	3.900
900.920	3.912
901.230	3.957
901.530	3.942
901.840	3.946
902.140	4.013
902.450	4.069
902.760	4.148
903.060	4.139
903.370	4.237
903.670	4.181
903.980	4.217
904.290	4.179
904.590	4.178
904.900	4.207
905.200	4.210
905.510	4.168
905.820	4.115
906.120	4.059
906.430	4.087
906.740	4.068
907.040	4.115
907.350	4.061
907.660	4.133
907.960	4.085
908.270	4.086
908.570	4.087
908.880	4.087
909.190	4.153
909.490	4.128
909.800	4.093
910.110	4.070
910.410	4.038
910.720	4.102
911.030	4.033
911.330	4.088
911.640	4.033
911.950	3.980
912.250	3.983
912.560	3.927
912.870	3.872
913.170	3.864
913.480	3.891
913.790	3.890
914.090	3.874
914.400	3.945
914.710	3.910
915.010	3.936
915.320	3.983
915.630	4.025
915.930	4.014
916.240	4.055
916.550	4.093
916.860	4.110
917.160	4.221
917.470	4.237
917.780	4.195
918.080	4.218
918.390	4.202
918.700	4.197
919.010	4.181
919.310	4.171
919.620	4.185
919.930	4.138
920.230	4.114
920.540	4.036
920.850	3.978
921.160	4.008
921.460	3.953
921.770	4.000
922.080	3.964
922.380	3.995
922.690	4.007
923.000	3.962
923.310	3.976
923.610	3.939
923.920	3.911
924.230	3.945
924.540	3.896
924.840	3.916
925.150	3.803
925.460	3.857
925.770	3.790
926.070	3.862
926.380	3.911
926.690	3.923
927.000	3.920
927.300	3.929
927.610	3.921
927.920	4.011
928.230	3.991
928.530	4.029
928.840	4.023
929.150	4.078
929.460	4.012
929.770	4.016
930.070	3.978
930.380	4.020
930.690	3.954
931.000	3.972
931.300	3.918
931.610	3.981
931.920	4.023
932.230	3.998
932.540	3.970
932.840	4.062
933.150	4.071
933.460	4.131
933.770	4.120
934.080	4.206
934.380	4.184
934.690	4.188
935.000	4.145
935.310	4.134
935.620	4.164
935.920	4.172
936.230	4.124
936.540	4.129
936.850	4.115
937.160	4.081
937.470	4.061
937.770	4.131
938.080	4.155
938.390	4.169
938.700	4.148
939.010	4.189
939.310	4.170
939.620	4.190
939.930	4.156
940.240	4.200
940.550	4.276
940.860	4.303
941.170	4.292
941.470	4.302
941.780	4.282
942.090	4.328
942.400	4.281
942.710	4.303
943.020	4.304
943.330	4.355
943.630	4.316
943.940	4.312
944.250	4.282
944.560	4.263
944.870	4.244
945.180	4.299
945.490	4.313
945.790	4.329
946.100	4.310
946.410	4.308
946.720	4.272
947.030	4.249
947.340	4.173
947.650	4.186
947.960	4.163
948.270	4.191
948.570	4.179
948.880	4.140
949.190	4.100
949.500	4.109
949.810	4.075
950.120	4.085
950.430	4.103
950.740	4.180
951.050	4.124
951.360	4.221
951.660	4.184
951.970	4.165
952.280	4.090
952.590	4.128
952.900	4.088
953.210	4.099
953.520	4.092
953.830	4.087
954.140	4.044
954.450	4.116
954.760	4.009
955.070	4.038
955.370	4.046
955.680	4.140
955.990	4.144
956.300	4.215
956.610	4.182
956.920	4.174
957.230	4.160
957.540	4.204
957.850	4.210
958.160	4.211
958.470	4.182
958.780	4.200
959.090	4.198
959.400	4.202
959.710	4.155
960.020	4.270
960.330	4.250
960.640	4.318
960.950	4.320
961.260	4.324
961.570	4.326
961.880	4.400
962.180	4.378
962.490	4.412
962.800	4.438
963.110	4.481
963.420	4.466
963.730	4.535
964.040	4.534
964.350	4.550
964.660	4.524
964.970	4.565
965.280	4.519
965.590	4.551
965.900	4.514
966.210	4.491
966.520	4.487
966.830	4.468
967.140	4.431
967.450	4.416
967.760	4.411
968.070	4.428
968.380	4.405
968.690	4.436
969.000	4.408
969.310	4.437
969.620	4.438
969.930	4.441
970.240	4.380
970.560	4.373
970.870	4.348
971.180	4.296
971.490	4.300
971.800	4.275
972.110	4.214
972.420	4.210
972.730	4.151
973.040	4.184
973.350	4.129
973.660	4.127
973.970	4.070
974.280	4.034
974.590	4.013
974.900	3.940
975.210	3.909
975.520	3.950
975.830	3.929
976.140	3.939
976.450	3.865
976.760	3.902
977.070	3.933
977.390	3.981
977.700	4.016
978.010	4.055
978.320	4.114
978.630	4.187
978.940	4.141
979.250	4.171
979.560	4.189
979.870	4.193
980.180	4.172
980.490	4.249
980.800	4.235
981.120	4.247
981.430	4.278
981.740	4.268
982.050	4.216
982.360	4.300
982.670	4.301
982.980	4.300
983.290	4.307
983.600	4.302
983.910	4.236
984.230	4.319
984.540	4.308
984.850	4.288
985.160	4.274
985.470	4.259
985.780	4.242
986.090	4.264
986.400	4.275
986.710	4.333
987.030	4.344
987.340	4.389
987.650	4.351
987.960	4.388
988.270	4.416
988.580	4.427
988.890	4.456
989.210	4.441
989.520	4.423
989.830	4.430
990.140	4.359
990.450	4.392
990.760	4.354
991.070	4.344
991.390	4.309
991.700	4.248
992.010	4.243
992.320	4.229
992.630	4.214
992.940	4.246
993.260	4.218
993.570	4.290
993.880	4.265
994.190	4.281
994.500	4.259
994.810	4.264
995.130	4.283
995.440	4.296
995.750	4.258
996.060	4.260
996.370	4.228
996.680	4.247
997.000	4.224
997.310	4.223
997.620	4.173
997.930	4.207
998.240	4.221
998.560	4.269
998.870	4.265
999.180	4.283
999.490	4.273
999.800	4.301
1000.120	4.278
1000.430	4.255
1000.740	4.259
1001.050	4.312
1001.360	4.271
1001.680	4.232
1001.990	4.186
1002.300	4.224
1002.610	4.224
1002.930	4.226
1003.240	4.188
1003.550	4.203
1003.860	4.191
1004.170	4.139
1004.490	4.123
1004.800	4.178
1005.110	4.220
1005.420	4.221
1005.740	4.170
1006.050	4.195
1006.360	4.177
1006.670	4.155
1006.990	4.136
1007.300	4.166
1007.610	4.204
1007.920	4.239
1008.240	4.216
1008.550	4.248
1008.860	4.273
1009.170	4.317
1009.490	4.280
1009.800	4.298
1010.110	4.330
1010.420	4.359
1010.740	4.344
1011.050	4.378
1011.360	4.341
1011.680	4.359
1011.990	4.333
1012.300	4.340
1012.610	4.311
1012.930	4.301
1013.240	4.296
1013.550	4.316
1013.870	4.287
1014.180	4.272
1014.490	4.220
1014.800	4.218
1015.120	4.200
1015.430	4.186
1015.740	4.130
1016.060	4.149
1016.370	4.184
1016.680	4.183
1017.000	4.129
1017.310	4.162
1017.620	4.199
1017.930	4.184
1018.250	4.151
1018.560	4.170
1018.870	4.172
1019.190	4.133
1019.500	4.102
1019.810	4.120
1020.130	4.115
1020.440	4.098
1020.750	4.065
1021.070	3.983
1021.380	4.030
1021.690	4.042
1022.010	4.028
1022.320	4.061
1022.630	4.102
1022.950	4.129
1023.260	4.129
1023.570	4.124
1023.890	4.209
1024.200	4.232
1024.510	4.301
1024.830	4.335
1025.140	4.363
1025.460	4.360
1025.770	4.340
1026.080	4.375
1026.400	4.340
1026.710	4.345
1027.020	4.409
1027.340	4.414
1027.650	4.431
1027.960	4.428
1028.280	4.414
1028.590	4.417
1028.910	4.440
1029.220	4.441
1029.530	4.455
1029.850	4.510
1030.160	4.539
1030.480	4.501
1030.790	4.462
1031.100	4.450
1031.420	4.469
1031.730	4.453
1032.050	4.478
1032.360	4.493
1032.670	4.518
1032.990	4.499
1033.300	4.481
1033.620	4.474
1033.930	4.512
1034.240	4.531
1034.560	4.520
1034.870	4.509
1035.190	4.491
1035.500	4.505
1035.810	4.477
1036.130	4.473
1036.440	4.474
1036.760	4.483
1037.070	4.444
1037.390	4.353
1037.700	4.312
1038.010	4.382
1038.330	4.325
1038.640	4.331
1038.960	4.263
1039.270	4.280
1039.590	4.247
1039.900	4.237
1040.220	4.193
1040.530	4.204
1040.840	4.282
1041.160	4.282
1041.470	4.187
1041.790	4.216
1042.100	4.261
1042.420	4.329
1042.730	4.323
1043.050	4.305
1043.360	4.296
1043.680	4.339
1043.990	4.372
1044.310	4.360
1044.620	4.367
1044.940	4.388
1045.250	4.406
1045.560	4.381
1045.880	4.331
1046.190	4.337
1046.510	4.365
1046.820	4.390
1047.140	4.367
1047.450	4.362
1047.770	4.366
1048.080	4.376
1048.400	4.360
1048.710	4.381
1049.030	4.376
1049.340	4.382
1049.660	4.340
1049.970	4.340
1050.290	4.328
1050.600	4.307
1050.920	4.293
1051.230	4.302
1051.550	4.323
1051.860	4.312
1052.180	4.307
1052.500	4.313
1052.810	4.351
1053.130	4.371
1053.440	4.336
1053.760	4.353
1054.070	4.395
1054.390	4.394
1054.700	4.392
1055.020	4.363
1055.330	4.400
1055.650	4.396
1055.960	4.412
1056.280	4.374
1056.590	4.352
1056.910	4.390
1057.230	4.360
1057.540	4.386
1057.860	4.390
1058.170	4.454
1058.490	4.448
1058.800	4.470
1059.120	4.454
1059.440	4.460
1059.750	4.442
1060.070	4.504
1060.380	4.509
1060.700	4.530
1061.010	4.490
1061.330	4.476
1061.650	4.396
1061.960	4.427
1062.280	4.365
1062.590	4.392
1062.910	4.365
1063.220	4.388
1063.540	4.350
1063.860	4.336
1064.170	4.299
1064.490	4.316
1064.800	4.331
1065.120	4.398
1065.440	4.381
1065.750	4.444
1066.070	4.420
1066.380	4.439
1066.700	4.456
1067.020	4.438
1067.330	4.422
1067.650	4.445
1067.960	4.432
1068.280	4.441
1068.600	4.377
1068.910	4.391
1069.230	4.360
1069.550	4.365
1069.860	4.332
1070.180	4.355
1070.490	4.364
1070.810	4.402
1071.130	4.384
1071.440	4.398
1071.760	4.387
1072.080	4.377
1072.390	4.391
1072.710	4.413
1073.030	4.407
1073.340	4.428
1073.660	4.407
1073.970	4.418
1074.290	4.432
1074.610	4.450
1074.920	4.442
1075.240	4.466
1075.560	4.481
1075.870	4.442
1076.190	4.421
1076.510	4.444
1076.820	4.457
1077.140	4.460
1077.460	4.469
1077.770	4.454
1078.090	4.483
1078.410	4.539
1078.720	4.525
1079.040	4.538
1079.360	4.562
1079.680	4.573
1079.990	4.548
1080.310	4.574
1080.630	4.553
1080.940	4.526
1081.260	4.501
1081.580	4.477
1081.890	4.426
1082.210	4.417
1082.530	4.361
1082.840	4.386
1083.160	4.374
1083.480	4.377
1083.800	4.367
1084.110	4.375
1084.430	4.397
1084.750	4.421
1085.060	4.397
1085.380	4.452
1085.700	4.469
1086.020	4.494
1086.330	4.487
1086.650	4.519
1086.970	4.511
1087.290	4.448
1087.600	4.454
1087.920	4.513
1088.240	4.478
1088.550	4.476
1088.870	4.414
1089.190	4.429
1089.510	4.441
1089.820	4.419
1090.140	4.377
1090.460	4.413
1090.780	4.463
1091.090	4.472
1091.410	4.425
1091.730	4.463
1092.050	4.447
1092.360	4.443
1092.680	4.378
1093.000	4.412
1093.320	4.419
1093.640	4.447
1093.950	4.423
1094.270	4.419
1094.590	4.405
1094.910	4.395
1095.220	4.375
1095.540	4.427
1095.860	4.407
1096.180	4.426
1096.500	4.368
1096.810	4.403
1097.130	4.373
1097.450	4.379
1097.770	4.356
1098.090	4.368
1098.400	4.353
1098.720	4.367
1099.040	4.355
1099.360	4.433
1099.680	4.463
1099.990	4.497
1100.310	4.472
1100.630	4.512
1100.950	4.500
1101.270	4.493
1101.580	4.495
1101.900	4.530
1102.220	4.532
1102.540	4.537
1102.860	4.509
1103.180	4.517
1103.490	4.506
1103.810	4.501
1104.130	4.491
1104.450	4.506
1104.770	4.515
1105.080	4.529
1105.400	4.506
1105.720	4.535
1106.040	4.541
1106.360	4.530
1106.680	4.488
1107.000	4.487
1107.310	4.504
1107.630	4.499
1107.950	4.494
1108.270	4.528
1108.590	4.501
1108.910	4.493
1109.230	4.462
1109.540	4.463
1109.860	4.447
1110.180	4.496
1110.500	4.499
1110.820	4.527
1111.140	4.502
1111.460	4.494
1111.780	4.457
1112.090	4.451
1112.410	4.417
1112.730	4.432
1113.050	4.386
1113.370	4.365
1113.690	4.316
1114.010	4.305
1114.330	4.241
1114.640	4.280
1114.960	4.310
1115.280	4.350
1115.600	4.392
1115.920	4.456
1116.240	4.423
1116.560	4.446
1116.880	4.451
1117.200	4.454
1117.520	4.459
1117.840	4.477
1118.150	4.471
1118.470	4.459
1118.790	4.411
1119.110	4.402
1119.430	4.370
1119.750	4.406
1120.070	4.398
1120.390	4.442
1120.710	4.471
1121.030	4.515
1121.350	4.505
1121.670	4.484
1121.990	4.488
1122.300	4.507
1122.620	4.491
1122.940	4.537
1123.260	4.522
1123.580	4.584
1123.900	4.568
1124.220	4.554
1124.540	4.528
1124.860	4.566
1125.180	4.583
1125.500	4.586
1125.820	4.580
1126.140	4.591
1126.460	4.574
1126.780	4.593
1127.100	4.566
1127.420	4.587
1127.740	4.578
1128.060	4.597
1128.380	4.557
1128.700	4.569
1129.020	4.555
1129.340	4.593
1129.660	4.606
1129.980	4.591
1130.300	4.566
1130.620	4.578
1130.940	4.544
1131.260	4.581
1131.580	4.577
1131.900	4.599
1132.220	4.602
1132.540	4.618
1132.860	4.613
1133.180	4.633
1133.500	4.645
1133.820	4.680
1134.140	4.656
1134.460	4.721
1134.780	4.713
1135.100	4.709
1135.420	4.699
1135.740	4.703
1136.060	4.727
1136.380	4.718
1136.700	4.672
1137.020	4.659
1137.340	4.656
1137.660	4.699
1137.980	4.629
1138.300	4.643
1138.620	4.646
1138.940	4.638
1139.260	4.626
1139.580	4.638
1139.900	4.629
1140.220	4.667
1140.540	4.674
1140.860	4.663
1141.180	4.619
1141.500	4.672
1141.820	4.694
1142.140	4.721
1142.460	4.730
1142.790	4.719
1143.110	4.722
1143.430	4.745
1143.750	4.735
1144.070	4.737
1144.390	4.727
1144.710	4.750
1145.030	4.719
1145.350	4.690
1145.670	4.655
1145.990	4.639
1146.310	4.630
1146.630	4.596
1146.960	4.566
1147.280	4.579
1147.600	4.553
1147.920	4.547
1148.240	4.504
1148.560	4.550
1148.880	4.522
1149.200	4.549
1149.520	4.607
1149.840	4.641
1150.160	4.613
1150.490	4.649
1150.810	4.632
1151.130	4.656
1151.450	4.641
1151.770	4.676
1152.090	4.634
1152.410	4.648
1152.730	4.585
1153.050	4.569
1153.380	4.538
1153.700	4.547
1154.020	4.497
1154.340	4.489
1154.660	4.494
1154.980	4.527
1155.300	4.502
1155.630	4.515
1155.950	4.496
1156.270	4.566
1156.590	4.554
1156.910	4.572
1157.230	4.591
1157.550	4.617
1157.880	4.598
1158.200	4.594
1158.520	4.600
1158.840	4.623
1159.160	4.610
1159.480	4.644
1159.800	4.599
1160.130	4.574
1160.450	4.569
1160.770	4.570
1161.090	4.568
1161.410	4.617
1161.730	4.625
1162.060	4.628
1162.380	4.621
1162.700	4.648
1163.020	4.627
1163.340	4.664
1163.670	4.648
1163.990	4.671
1164.310	4.657
1164.630	4.664
1164.950	4.655
1165.270	4.663
1165.600	4.635
1165.920	4.657
1166.240	4.644
1166.560	4.672
1166.880	4.721
1167.210	4.770
1167.530	4.761
1167.850	4.820
1168.170	4.820
1168.500	4.816
1168.820	4.822
1169.140	4.849
1169.460	4.816
1169.780	4.845
1170.110	4.848
1170.430	4.787
1170.750	4.765
1171.070	4.761
1171.400	4.716
1171.720	4.724
1172.040	4.705
1172.360	4.705
1172.680	4.674
1173.010	4.676
1173.330	4.634
1173.650	4.625
1173.970	4.631
1174.300	4.654
1174.620	4.638
1174.940	4.683
1175.260	4.656
1175.590	4.666
1175.910	4.626
1176.230	4.657
1176.550	4.643
1176.880	4.670
1177.200	4.664
1177.520	4.674
1177.840	4.671
1178.170	4.700
1178.490	4.630
1178.810	4.645
1179.140	4.644
1179.460	4.692
1179.780	4.677
1180.100	4.712
1180.430	4.684
1180.750	4.717
1181.070	4.752
1181.400	4.757
1181.720	4.753
1182.040	4.799
1182.360	4.809
1182.690	4.824
1183.010	4.813
1183.330	4.832
1183.660	4.826
1183.980	4.864
1184.300	4.832
1184.630	4.812
1184.950	4.819
1185.270	4.829
1185.590	4.832
1185.920	4.839
1186.240	4.821
1186.560	4.809
1186.890	4.805
1187.210	4.790
1187.530	4.743
1187.860	4.767
1188.180	4.742
1188.500	4.692
1188.830	4.667
1189.150	4.622
1189.470	4.615
1189.800	4.612
1190.120	4.606
1190.440	4.603
1190.770	4.618
1191.090	4.638
1191.410	4.615
1191.740	4.619
1192.060	4.632
1192.380	4.643
1192.710	4.655
1193.030	4.646
1193.360	4.652
1193.680	4.666
1194.000	4.653
1194.330	4.650
1194.650	4.657
1194.970	4.635
1195.300	4.607
1195.620	4.633
1195.940	4.614
1196.270	4.622
1196.590	4.615
1196.920	4.611
1197.240	4.592
1197.560	4.591
1197.890	4.593
1198.210	4.612
1198.540	4.624
1198.860	4.657
1199.180	4.627
1199.510	4.686
1199.830	4.656
1200.150	4.686
1200.480	4.669
1200.800	4.684
1201.130	4.664
1201.450	4.659
1201.780	4.620
1202.100	4.620
1202.420	4.614
1202.750	4.641
1203.070	4.578
1203.400	4.603
1203.720	4.568
1204.040	4.576
1204.370	4.566
1204.690	4.587
1205.020	4.580
1205.340	4.571
1205.670	4.584
1205.990	4.597
1206.310	4.600
1206.640	4.620
1206.960	4.616
1207.290	4.673
1207.610	4.681
1207.940	4.693
1208.260	4.712
1208.590	4.751
1208.910	4.771
1209.230	4.764
1209.560	4.732
1209.880	4.711
1210.210	4.714
1210.530	4.741
1210.860	4.677
1211.180	4.701
1211.510	4.692
1211.830	4.722
1212.160	4.697
1212.480	4.695
1212.800	4.684
1213.130	4.735
1213.450	4.747
1213.780	4.763
1214.100	4.759
1214.430	4.774
1214.750	4.750
1215.080	4.755
1215.400	4.725
1215.730	4.728
1216.050	4.724
1216.380	4.743
1216.700	4.702
1217.030	4.710
1217.350	4.671
1217.680	4.676
1218.000	4.680
1218.330	4.701
1218.650	4.690
1218.980	4.682
1219.300	4.661
1219.630	4.660
1219.950	4.660
1220.280	4.678
1220.600	4.632
1220.930	4.674
1221.250	4.641
1221.580	4.649
1221.900	4.623
1222.230	4.656
1222.560	4.633
1222.880	4.669
1223.210	4.667
1223.530	4.651
1223.860	4.636
1224.180	4.696
1224.510	4.655
1224.830	4.664
1225.160	4.656
1225.480	4.683
1225.810	4.644
1226.130	4.666
1226.460	4.642
1226.790	4.677
1227.110	4.671
1227.440	4.698
1227.760	4.672
1228.090	4.711
1228.410	4.717
1228.740	4.719
1229.060	4.726
1229.390	4.787
1229.720	4.788
1230.040	4.803
1230.370	4.774
1230.690	4.812
1231.020	4.807
1231.350	4.812
1231.670	4.770
1232.000	4.766
1232.320	4.773
1232.650	4.804
1232.970	4.741
1233.300	4.741
1233.630	4.753
1233.950	4.776
1234.280	4.779
1234.600	4.777
1234.930	4.776
1235.260	4.815
1235.580	4.833
1235.910	4.853
1236.230	4.820
1236.560	4.855
1236.890	4.851
1237.210	4.861
1237.540	4.845
1237.870	4.829
1238.190	4.831
1238.520	4.889
1238.840	4.889
1239.170	4.901
1239.500	4.873
1239.820	4.891
1240.150	4.870
1240.480	4.887
1240.800	4.862
1241.130	4.900
1241.450	4.902
1241.780	4.906
1242.110	4.856
1242.430	4.848
1242.760	4.834
1243.090	4.876
1243.410	4.858
1243.740	4.889
1244.070	4.874
1244.390	4.866
1244.720	4.840
1245.050	4.852
1245.370	4.835
1245.700	4.851
1246.030	4.850
1246.350	4.852
1246.680	4.804
1247.010	4.797
1247.330	4.763
1247.660	4.773
1247.990	4.797
1248.310	4.814
1248.640	4.775
1248.970	4.836
1249.290	4.820
1249.620	4.797
1249.950	4.794
1250.270	4.807
1250.600	4.792
1250.930	4.818
1251.250	4.824
1251.580	4.830
1251.910	4.819
1252.240	4.829
1252.560	4.776
1252.890	4.788
1253.220	4.803
1253.540	4.805
1253.870	4.803
1254.200	4.826
1254.530	4.814
1254.850	4.795
1255.180	4.755
1255.510	4.758
1255.830	4.773
1256.160	4.782
1256.490	4.751
1256.820	4.751
1257.140	4.738
1257.470	4.695
1257.800	4.675
1258.120	4.683
1258.450	4.659
1258.780	4.685
1259.110	4.658
1259.430	4.622
1259.760	4.595
1260.090	4.601
1260.420	4.579
1260.740	4.575
1261.070	4.575
1261.400	4.547
1261.730	4.539
1262.050	4.533
1262.380	4.501
1262.710	4.486
1263.040	4.491
1263.370	4.487
1263.690	4.477
1264.020	4.476
1264.350	4.442
1264.680	4.474
