194.150	4.339
194.410	4.356
194.670	4.373
194.930	4.282
195.190	4.360
195.450	4.357
195.700	4.365
195.960	4.326
196.220	4.357
196.480	4.309
196.740	4.274
197.000	4.284
197.260	4.343
197.520	4.301
197.770	4.312
198.030	4.279
198.290	4.302
198.550	4.275
198.810	4.288
199.070	4.244
199.330	4.281
199.590	4.295
199.850	4.236
200.100	4.147
200.360	4.182
200.620	4.126
200.880	4.139
201.140	4.103
201.400	4.119
201.660	4.111
201.920	4.086
202.180	4.103
202.440	4.113
202.690	4.094
202.950	4.085
203.210	4.067
203.470	4.160
203.730	4.123
203.990	4.183
204.250	4.125
204.510	4.270
204.770	4.294
205.030	4.243
205.290	4.196
205.550	4.259
205.810	4.260
206.070	4.252
206.320	4.218
206.580	4.251
206.840	4.216
207.100	4.228
207.360	4.076
207.620	4.094
207.880	4.094
208.140	4.099
208.400	4.076
208.660	4.129
208.920	4.177
209.180	4.192
209.440	4.200
209.700	4.203
209.960	4.223
210.220	4.283
210.480	4.240
210.740	4.268
211.000	4.250
211.260	4.235
211.520	4.178
211.780	4.171
212.040	4.155
212.300	4.113
212.560	4.095
212.820	4.140
213.080	4.038
213.340	4.046
213.600	3.984
213.860	4.055
214.120	4.041
214.380	4.087
214.640	3.998
214.900	4.038
215.160	4.023
215.420	4.096
215.680	4.050
215.940	4.170
216.200	4.180
216.460	4.248
216.720	4.205
216.980	4.324
217.240	4.284
217.500	4.353
217.760	4.324
218.020	4.404
218.280	4.366
218.540	4.426
218.800	4.391
219.060	4.412
219.320	4.399
219.580	4.446
219.840	4.324
220.100	4.372
220.360	4.360
220.620	4.405
220.880	4.338
221.140	4.397
221.400	4.371
221.660	4.420
221.920	4.378
222.180	4.396
222.440	4.388
222.710	4.454
222.970	4.433
223.230	4.480
223.490	4.430
223.750	4.443
224.010	4.373
224.270	4.397
224.530	4.328
224.790	4.395
225.050	4.346
225.310	4.376
225.570	4.362
225.830	4.396
226.100	4.362
226.360	4.409
226.620	4.397
226.880	4.422
227.140	4.367
227.400	4.406
227.660	4.352
227.920	4.395
228.180	4.336
228.440	4.386
228.700	4.332
228.970	4.339
229.230	4.322
229.490	4.347
229.750	4.314
230.010	4.354
230.270	4.287
230.530	4.315
230.790	4.271
231.050	4.228
231.320	4.092
231.580	4.180
231.840	4.116
232.100	4.104
232.360	4.043
232.620	4.091
232.880	3.936
233.150	3.943
233.410	3.876
233.670	3.990
233.930	4.016
234.190	4.136
234.450	4.081
234.710	4.113
234.980	4.095
235.240	4.172
235.500	4.137
235.760	4.228
236.020	4.201
236.280	4.282
236.540	4.184
236.810	4.232
237.070	4.154
237.330	4.201
237.590	4.167
237.850	4.183
238.110	4.111
238.380	4.117
238.640	4.138
238.900	4.198
239.160	4.124
239.420	4.176
239.690	4.152
239.950	4.228
240.210	4.153
240.470	4.191
240.730	4.165
240.990	4.223
241.260	4.208
241.520	4.206
241.780	4.199
242.040	4.284
242.300	4.231
242.570	4.304
242.830	4.298
243.090	4.337
243.350	4.320
243.620	4.328
243.880	4.332
244.140	4.380
244.400	4.344
244.660	4.365
244.930	4.290
245.190	4.374
245.450	4.304
245.710	4.295
245.970	4.255
246.240	4.299
246.500	4.278
246.760	4.249
247.020	4.196
247.290	4.228
247.550	4.168
247.810	4.178
248.070	4.048
248.340	4.107
248.600	4.040
248.860	4.050
249.120	3.984
249.390	4.037
249.650	4.054
249.910	4.096
250.170	4.031
250.440	4.148
250.700	4.124
250.960	4.183
251.220	4.084
251.490	4.137
251.750	4.122
252.010	4.138
252.280	4.113
252.540	4.126
252.800	4.084
253.060	4.162
253.330	4.043
253.590	4.066
253.850	4.032
254.120	4.081
254.380	4.050
254.640	4.111
254.900	4.082
255.170	4.081
255.430	4.051
255.690	4.040
255.960	3.956
256.220	4.004
256.480	4.026
256.750	4.073
257.010	4.037
257.270	4.080
257.530	3.985
257.800	4.035
258.060	3.967
258.320	3.984
258.590	3.958
258.850	4.069
259.110	4.022
259.380	4.028
259.640	3.971
259.900	4.050
260.170	4.004
260.430	4.068
260.690	4.003
260.960	4.104
261.220	4.118
261.480	4.154
261.750	4.137
262.010	4.225
262.270	4.198
262.540	4.245
262.800	4.203
263.060	4.236
263.330	4.218
263.590	4.314
263.860	4.272
264.120	4.248
264.380	4.242
264.650	4.244
264.910	4.186
265.170	4.229
265.440	4.231
265.700	4.266
265.960	4.225
266.230	4.235
266.490	4.144
266.760	4.187
267.020	4.200
267.280	4.253
267.550	4.227
267.810	4.221
268.070	4.156
268.340	4.166
268.600	4.070
268.870	4.099
269.130	4.072
269.390	4.123
269.660	4.056
269.920	4.053
270.190	3.960
270.450	3.929
270.710	3.831
270.980	3.857
271.240	3.760
271.510	3.838
271.770	3.781
272.040	3.776
272.300	3.708
272.560	3.775
272.830	3.682
273.090	3.633
273.360	3.651
273.620	3.851
273.890	3.872
274.150	3.999
274.410	3.969
274.680	4.005
274.940	3.972
275.210	3.977
275.470	4.024
275.740	4.055
276.000	4.102
276.260	4.115
276.530	4.040
276.790	4.045
277.060	3.936
277.320	3.949
277.590	3.909
277.850	4.036
278.120	3.963
278.380	3.869
278.650	3.860
278.910	3.880
279.170	3.820
279.440	3.796
279.700	3.742
279.970	3.791
280.230	3.831
280.500	3.828
280.760	3.701
281.030	3.848
281.290	3.855
281.560	3.831
281.820	3.779
282.090	3.901
282.350	4.006
282.620	4.075
282.880	4.089
283.150	4.093
283.410	4.127
283.680	4.132
283.940	4.103
284.210	4.100
284.470	4.135
284.740	4.100
285.000	4.004
285.270	3.920
285.530	3.866
285.800	3.843
286.060	3.831
286.330	3.828
286.590	3.799
286.860	3.853
287.120	3.879
287.390	3.858
287.650	3.891
287.920	3.916
288.190	3.936
288.450	4.000
288.720	3.980
288.980	3.945
289.250	3.939
289.510	3.993
289.780	3.872
290.040	3.882
290.310	3.909
290.570	3.984
290.840	3.949
291.110	3.923
291.370	3.790
291.640	3.765
291.900	3.790
292.170	3.818
292.430	3.752
292.700	3.857
292.960	3.778
293.230	3.779
293.500	3.704
293.760	3.733
294.030	3.702
294.290	3.827
294.560	3.852
294.820	3.858
295.090	3.694
295.360	3.774
295.620	3.632
295.890	3.769
296.150	3.731
296.420	3.757
296.690	3.692
296.950	3.767
297.220	3.632
297.480	3.674
297.750	3.630
298.020	3.765
298.280	3.687
298.550	3.785
298.810	3.695
299.080	3.737
299.350	3.726
299.610	3.770
299.880	3.700
300.140	3.742
300.410	3.665
300.680	3.716
300.940	3.699
301.210	3.764
301.480	3.736
301.740	3.745
302.010	3.705
302.270	3.734
302.540	3.756
302.810	3.744
303.070	3.745
303.340	3.789
303.610	3.697
303.870	3.691
304.140	3.674
304.410	3.707
304.670	3.720
304.940	3.724
305.210	3.699
305.470	3.705
305.740	3.705
306.000	3.703
306.270	3.663
306.540	3.733
306.800	3.694
307.070	3.670
307.340	3.708
307.600	3.686
307.870	3.584
308.140	3.562
308.410	3.526
308.670	3.601
308.940	3.594
309.210	3.611
309.470	3.587
309.740	3.677
310.010	3.613
310.270	3.575
310.540	3.492
310.810	3.639
311.070	3.615
311.340	3.653
311.610	3.604
311.870	3.604
312.140	3.613
312.410	3.618
312.680	3.537
312.940	3.571
313.210	3.542
313.480	3.643
313.740	3.550
314.010	3.511
314.280	3.337
314.550	3.273
314.810	3.178
315.080	3.199
315.350	3.166
315.610	3.214
315.880	3.171
316.150	3.320
316.420	3.233
316.680	3.188
316.950	3.328
317.220	3.457
317.490	3.485
317.750	3.528
318.020	3.543
318.290	3.595
318.560	3.545
318.820	3.665
319.090	3.578
319.360	3.635
319.630	3.737
319.890	3.803
320.160	3.800
320.430	3.842
320.700	3.754
320.960	3.722
321.230	3.676
321.500	3.746
321.770	3.662
322.040	3.655
322.300	3.670
322.570	3.682
322.840	3.641
323.110	3.729
323.370	3.736
323.640	3.829
323.910	3.761
324.180	3.788
324.450	3.787
324.710	3.821
324.980	3.791
325.250	3.781
325.520	3.749
325.790	3.740
326.050	3.648
326.320	3.641
326.590	3.647
326.860	3.788
327.130	3.774
327.390	3.813
327.660	3.830
327.930	3.836
328.200	3.789
328.470	3.755
328.730	3.675
329.000	3.722
329.270	3.731
329.540	3.752
329.810	3.629
330.080	3.621
330.340	3.530
330.610	3.486
330.880	3.407
331.150	3.532
331.420	3.548
331.690	3.640
331.950	3.527
332.220	3.481
332.490	3.523
332.760	3.612
333.030	3.596
333.300	3.689
333.570	3.659
333.830	3.805
334.100	3.730
334.370	3.745
334.640	3.643
334.910	3.737
335.180	3.719
335.450	3.661
335.710	3.575
335.980	3.592
336.250	3.489
336.520	3.633
336.790	3.569
337.060	3.676
337.330	3.590
337.600	3.642
337.860	3.617
338.130	3.679
338.400	3.748
338.670	3.766
338.940	3.767
339.210	3.809
339.480	3.714
339.750	3.745
340.020	3.591
340.290	3.668
340.550	3.736
340.820	3.797
341.090	3.749
341.360	3.775
341.630	3.853
341.900	3.925
342.170	3.889
342.440	3.942
342.710	3.908
342.980	3.971
343.250	3.988
343.510	3.931
343.780	3.890
344.050	3.926
344.320	3.861
344.590	3.776
344.860	3.701
345.130	3.797
345.400	3.699
345.670	3.757
345.940	3.724
346.210	3.766
346.480	3.781
346.750	3.857
347.020	3.795
347.290	3.861
347.560	3.934
347.830	3.977
348.090	3.921
348.360	3.979
348.630	3.918
348.900	3.977
349.170	3.957
349.440	3.953
349.710	3.818
349.980	3.889
350.250	3.850
350.520	3.878
350.790	3.869
351.060	3.849
351.330	3.880
351.600	3.981
351.870	3.991
352.140	3.994
352.410	3.967
352.680	4.082
352.950	4.072
353.220	4.072
353.490	4.017
353.760	3.940
354.030	3.957
354.300	3.963
354.570	3.879
354.840	3.874
355.110	3.863
355.380	3.888
355.650	3.848
355.920	3.875
356.190	3.832
356.460	3.848
356.730	3.931
357.000	3.955
357.270	3.885
357.540	3.928
357.810	3.837
358.080	3.798
358.350	3.789
358.620	3.779
358.890	3.659
359.160	3.729
359.430	3.701
359.700	3.596
359.970	3.486
360.240	3.533
360.520	3.469
360.790	3.546
361.060	3.573
361.330	3.652
361.600	3.594
361.870	3.695
362.140	3.663
362.410	3.593
362.680	3.674
362.950	3.735
363.220	3.664
363.490	3.726
363.760	3.701
364.030	3.700
364.300	3.603
364.570	3.612
364.840	3.604
365.120	3.617
365.390	3.705
365.660	3.692
365.930	3.682
366.200	3.730
366.470	3.595
366.740	3.621
367.010	3.574
367.280	3.574
367.550	3.589
367.820	3.551
368.100	3.527
368.370	3.468
368.640	3.420
368.910	3.396
369.180	3.367
369.450	3.400
369.720	3.347
369.990	3.497
370.260	3.533
370.530	3.547
370.810	3.550
371.080	3.578
371.350	3.647
371.620	3.713
371.890	3.696
372.160	3.814
372.430	3.858
372.700	3.918
372.980	3.850
373.250	3.866
373.520	3.867
373.790	3.907
374.060	3.861
374.330	3.840
374.600	3.803
374.880	3.853
375.150	3.762
375.420	3.755
375.690	3.679
375.960	3.718
376.230	3.699
376.500	3.732
376.780	3.668
377.050	3.714
377.320	3.680
377.590	3.662
377.860	3.648
378.130	3.627
378.410	3.558
378.680	3.606
378.950	3.501
379.220	3.517
379.490	3.493
379.760	3.491
380.040	3.449
380.310	3.440
380.580	3.482
380.850	3.505
381.120	3.523
381.400	3.664
381.670	3.627
381.940	3.713
382.210	3.660
382.480	3.673
382.760	3.658
383.030	3.738
383.300	3.734
383.570	3.776
383.840	3.730
384.120	3.821
384.390	3.724
384.660	3.780
384.930	3.669
385.200	3.785
385.480	3.700
385.750	3.704
386.020	3.644
386.290	3.734
386.570	3.697
386.840	3.726
387.110	3.614
387.380	3.666
387.650	3.662
387.930	3.788
388.200	3.693
388.470	3.661
388.740	3.652
389.020	3.640
389.290	3.558
389.560	3.548
389.830	3.495
390.110	3.497
390.380	3.399
390.650	3.416
390.920	3.432
391.200	3.443
391.470	3.538
391.740	3.665
392.010	3.684
392.290	3.703
392.560	3.628
392.830	3.671
393.110	3.689
393.380	3.787
393.650	3.808
393.920	3.767
394.200	3.798
394.470	3.769
394.740	3.729
395.020	3.689
395.290	3.659
395.560	3.806
395.830	3.790
396.110	3.775
396.380	3.792
396.650	3.743
396.930	3.708
397.200	3.694
397.470	3.760
397.740	3.729
398.020	3.782
398.290	3.817
398.560	3.760
398.840	3.823
399.110	3.828
399.380	3.831
399.660	3.815
399.930	3.890
400.200	3.929
400.480	3.984
400.750	3.999
401.020	4.001
401.300	3.940
401.570	3.965
401.840	3.872
402.120	3.885
402.390	3.807
402.660	3.812
402.940	3.670
403.210	3.606
403.480	3.394
403.760	3.320
404.030	3.149
404.300	3.264
404.580	3.160
404.850	3.273
405.120	3.178
405.400	3.154
405.670	3.152
405.940	3.256
406.220	3.247
406.490	3.276
406.770	3.236
407.040	3.486
407.310	3.428
407.590	3.570
407.860	3.593
408.130	3.707
408.410	3.752
408.680	3.794
408.960	3.794
409.230	3.792
409.500	3.841
409.780	3.931
410.050	3.859
410.320	3.896
410.600	3.743
410.870	3.719
411.150	3.623
411.420	3.643
411.690	3.556
411.970	3.632
412.240	3.660
412.520	3.676
412.790	3.626
413.060	3.614
413.340	3.595
413.610	3.718
413.890	3.757
414.160	3.824
414.440	3.768
414.710	3.816
414.980	3.812
415.260	3.806
415.530	3.811
415.810	3.883
416.080	3.898
416.360	3.951
416.630	3.920
416.900	3.930
417.180	3.883
417.450	3.967
417.730	3.955
418.000	3.983
418.280	3.969
418.550	3.966
418.830	3.909
419.100	3.977
419.370	3.967
419.650	3.931
419.920	3.888
420.200	3.918
420.470	3.873
420.750	3.892
421.020	3.839
421.300	3.898
421.570	3.879
421.850	3.955
422.120	3.853
422.400	3.871
422.670	3.930
422.940	3.981
423.220	3.949
423.490	3.992
423.770	3.983
424.040	3.982
424.320	3.899
424.590	3.906
424.870	3.824
425.140	3.876
425.420	3.837
425.690	3.824
425.970	3.730
426.240	3.816
426.520	3.711
426.790	3.744
427.070	3.655
427.340	3.662
427.620	3.632
427.890	3.647
428.170	3.647
428.440	3.619
428.720	3.487
428.990	3.508
429.270	3.449
429.550	3.533
429.820	3.398
430.100	3.441
430.370	3.557
430.650	3.658
430.920	3.671
431.200	3.641
431.470	3.700
431.750	3.795
432.020	3.836
432.300	3.862
432.570	3.808
432.850	3.825
433.120	3.840
433.400	3.855
433.680	3.768
433.950	3.694
434.230	3.680
434.500	3.657
434.780	3.682
435.050	3.633
435.330	3.652
435.610	3.788
435.880	3.833
436.160	3.926
436.430	3.938
436.710	3.960
436.980	3.964
437.260	3.932
437.540	3.946
437.810	3.974
438.090	3.995
438.360	4.005
438.640	3.952
438.910	3.926
439.190	3.842
439.470	3.806
439.740	3.891
440.020	3.944
440.290	3.975
440.570	3.982
440.850	3.908
441.120	3.938
441.400	3.849
441.670	3.831
441.950	3.860
442.230	3.932
442.500	3.864
442.780	3.686
443.050	3.616
443.330	3.653
443.610	3.535
443.880	3.540
444.160	3.469
444.440	3.590
444.710	3.495
444.990	3.548
445.260	3.503
445.540	3.549
445.820	3.647
446.090	3.751
446.370	3.748
446.650	3.888
446.920	3.934
447.200	3.996
447.480	3.950
447.750	4.073
448.030	4.045
448.310	4.017
448.580	4.039
448.860	4.067
449.140	4.046
449.410	3.974
449.690	3.871
449.960	3.854
450.240	3.749
450.520	3.821
450.790	3.661
451.070	3.656
451.350	3.691
451.630	3.724
451.900	3.737
452.180	3.709
452.460	3.816
452.730	3.884
453.010	3.897
453.290	4.009
453.560	3.961
453.840	4.072
454.120	4.108
454.390	4.148
454.670	4.136
454.950	4.126
455.220	4.134
455.500	4.147
455.780	4.110
456.060	4.105
456.330	3.996
456.610	4.021
456.890	3.959
457.160	3.998
457.440	3.920
457.720	3.952
458.000	3.911
458.270	3.938
458.550	3.852
458.830	3.928
459.100	3.880
459.380	3.904
459.660	3.837
459.940	3.881
460.210	3.730
460.490	3.713
460.770	3.611
461.050	3.656
461.320	3.498
461.600	3.589
461.880	3.416
462.160	3.487
462.430	3.472
462.710	3.543
462.990	3.396
463.270	3.465
463.540	3.430
463.820	3.479
464.100	3.392
464.380	3.508
464.650	3.364
464.930	3.514
465.210	3.543
465.490	3.586
465.760	3.535
466.040	3.562
466.320	3.554
466.600	3.639
466.880	3.648
467.150	3.757
467.430	3.724
467.710	3.805
467.990	3.748
468.260	3.714
468.540	3.646
468.820	3.675
469.100	3.674
469.380	3.701
469.650	3.673
469.930	3.682
470.210	3.542
470.490	3.583
470.770	3.471
471.040	3.473
471.320	3.395
471.600	3.439
471.880	3.330
472.160	3.474
472.440	3.361
472.710	3.398
472.990	3.253
473.270	3.440
473.550	3.415
473.830	3.493
474.100	3.458
474.380	3.533
474.660	3.514
474.940	3.571
475.220	3.480
475.500	3.574
475.770	3.537
476.050	3.625
476.330	3.471
476.610	3.517
476.890	3.504
477.170	3.532
477.450	3.451
477.720	3.522
478.000	3.500
478.280	3.492
478.560	3.460
478.840	3.534
479.120	3.566
479.400	3.667
479.670	3.572
479.950	3.566
480.230	3.568
480.510	3.689
480.790	3.675
481.070	3.738
481.350	3.754
481.630	3.745
481.900	3.644
482.180	3.662
482.460	3.536
482.740	3.647
483.020	3.698
483.300	3.774
483.580	3.722
483.860	3.687
484.140	3.569
484.410	3.646
484.690	3.592
484.970	3.633
485.250	3.563
485.530	3.681
485.810	3.656
486.090	3.667
486.370	3.580
486.650	3.625
486.930	3.649
487.210	3.750
487.480	3.718
487.760	3.786
488.040	3.733
488.320	3.798
488.600	3.759
488.880	3.755
489.160	3.707
489.440	3.745
489.720	3.703
490.000	3.718
490.280	3.664
490.560	3.673
490.840	3.665
491.120	3.713
491.400	3.616
491.670	3.661
491.950	3.689
492.230	3.727
492.510	3.697
492.790	3.717
493.070	3.651
493.350	3.719
493.630	3.625
493.910	3.638
494.190	3.629
494.470	3.660
494.750	3.576
495.030	3.463
495.310	3.368
495.590	3.434
495.870	3.305
496.150	3.382
496.430	3.321
496.710	3.354
496.990	3.276
497.270	3.330
497.550	3.252
497.830	3.308
498.110	3.346
498.390	3.502
498.670	3.421
498.950	3.534
499.230	3.601
499.510	3.587
499.790	3.565
500.070	3.625
500.350	3.605
500.630	3.673
500.910	3.735
501.190	3.808
501.470	3.760
501.750	3.789
502.030	3.796
502.310	3.758
502.590	3.745
502.870	3.813
503.150	3.778
503.430	3.774
503.710	3.725
503.990	3.626
504.270	3.498
504.550	3.529
504.830	3.547
505.110	3.491
505.390	3.488
505.670	3.503
505.950	3.463
506.230	3.500
506.510	3.527
506.790	3.614
507.080	3.607
507.360	3.678
507.640	3.645
507.920	3.635
508.200	3.612
508.480	3.617
508.760	3.521
509.040	3.618
509.320	3.602
509.600	3.565
509.880	3.525
510.160	3.604
510.440	3.543
510.720	3.490
511.000	3.449
511.290	3.584
511.570	3.536
511.850	3.699
512.130	3.609
512.410	3.623
512.690	3.635
512.970	3.718
513.250	3.656
513.530	3.753
513.810	3.775
514.090	3.771
514.380	3.738
514.660	3.793
514.940	3.747
515.220	3.722
515.500	3.810
515.780	3.886
516.060	3.806
516.340	3.875
516.620	3.851
516.910	3.841
517.190	3.866
517.470	3.828
517.750	3.791
518.030	3.823
518.310	3.762
518.590	3.701
518.870	3.664
519.160	3.684
519.440	3.593
519.720	3.678
520.000	3.669
520.280	3.695
520.560	3.657
520.840	3.733
521.130	3.680
521.410	3.752
521.690	3.748
521.970	3.761
522.250	3.773
522.530	3.887
522.810	3.789
523.100	3.843
523.380	3.800
523.660	3.870
523.940	3.819
524.220	3.862
524.500	3.908
524.790	3.934
525.070	3.878
525.350	3.916
525.630	3.845
525.910	3.891
526.200	3.881
526.480	3.938
526.760	3.968
527.040	4.021
527.320	4.040
527.600	4.053
527.890	4.061
528.170	4.136
528.450	4.120
528.730	4.163
529.010	4.165
529.300	4.179
529.580	4.182
529.860	4.206
530.140	4.209
530.420	4.180
530.710	4.165
530.990	4.182
531.270	4.172
531.550	4.228
531.840	4.214
532.120	4.192
532.400	4.230
532.680	4.230
532.960	4.238
533.250	4.219
533.530	4.258
533.810	4.272
534.090	4.244
534.380	4.255
534.660	4.237
534.940	4.252
535.220	4.271
535.510	4.229
535.790	4.216
536.070	4.185
536.350	4.189
536.640	4.181
536.920	4.159
537.200	4.199
537.480	4.150
537.770	4.124
538.050	4.125
538.330	4.187
538.610	4.179
538.900	4.220
539.180	4.238
539.460	4.211
539.740	4.202
540.030	4.232
540.310	4.218
540.590	4.312
540.880	4.303
541.160	4.309
541.440	4.247
541.720	4.294
542.010	4.283
542.290	4.252
542.570	4.297
542.860	4.323
543.140	4.331
543.420	4.327
543.700	4.261
543.990	4.312
544.270	4.314
544.550	4.369
544.840	4.365
545.120	4.375
545.400	4.401
545.690	4.439
545.970	4.462
546.250	4.470
546.540	4.475
546.820	4.515
547.100	4.507
547.390	4.524
547.670	4.526
547.950	4.591
548.230	4.642
548.520	4.689
548.800	4.714
549.080	4.773
549.370	4.836
549.650	4.911
549.930	4.954
550.220	5.017
550.500	5.088
550.790	5.150
551.070	5.200
551.350	5.236
551.640	5.304
551.920	5.371
552.200	5.408
552.490	5.465
552.770	5.534
553.050	5.601
553.340	5.655
553.620	5.719
553.900	5.776
554.190	5.847
554.470	5.911
554.760	5.965
555.040	6.022
555.320	6.091
555.610	6.152
555.890	6.214
556.170	6.271
556.460	6.340
556.740	6.394
557.030	6.461
557.310	6.509
557.590	6.572
557.880	6.627
558.160	6.683
558.450	6.733
558.730	6.784
559.010	6.823
559.300	6.868
559.580	6.906
559.870	6.950
560.150	6.983
560.430	7.024
560.720	7.055
561.000	7.091
561.290	7.121
561.570	7.152
561.850	7.177
562.140	7.205
562.420	7.229
562.710	7.253
562.990	7.274
563.280	7.297
563.560	7.315
563.840	7.337
564.130	7.357
564.410	7.379
564.700	7.398
564.980	7.419
565.270	7.441
565.550	7.464
565.840	7.485
566.120	7.505
566.400	7.525
566.690	7.545
566.970	7.568
567.260	7.588
567.540	7.607
567.830	7.630
568.110	7.650
568.400	7.670
568.680	7.689
568.970	7.710
569.250	7.730
569.540	7.750
569.820	7.771
570.100	7.789
570.390	7.805
570.670	7.822
570.960	7.836
571.240	7.852
571.530	7.867
571.810	7.882
572.100	7.895
572.380	7.909
572.670	7.921
572.950	7.932
573.240	7.944
573.520	7.957
573.810	7.968
574.090	7.980
574.380	7.990
574.660	8.001
574.950	8.011
575.230	8.021
575.520	8.029
575.800	8.039
576.090	8.048
576.370	8.057
576.660	8.066
576.940	8.074
577.230	8.081
577.510	8.090
577.800	8.098
578.090	8.107
578.370	8.115
578.660	8.125
578.940	8.134
579.230	8.145
579.510	8.152
579.800	8.161
580.080	8.170
580.370	8.180
580.650	8.188
580.940	8.199
581.220	8.207
581.510	8.217
581.800	8.226
582.080	8.234
582.370	8.240
582.650	8.250
582.940	8.256
583.220	8.264
583.510	8.271
583.800	8.278
584.080	8.282
584.370	8.288
584.650	8.292
584.940	8.295
585.220	8.298
585.510	8.300
585.800	8.302
586.080	8.304
586.370	8.306
586.650	8.308
586.940	8.309
587.220	8.310
587.510	8.310
587.800	8.310
588.080	8.310
588.370	8.311
588.650	8.312
588.940	8.310
589.230	8.310
589.510	8.309
589.800	8.309
590.080	8.307
590.370	8.306
590.660	8.306
590.940	8.305
591.230	8.304
591.510	8.303
591.800	8.303
592.090	8.304
592.370	8.305
592.660	8.305
592.950	8.304
593.230	8.306
593.520	8.307
593.800	8.306
594.090	8.309
594.380	8.311
594.660	8.312
594.950	8.313
595.240	8.316
595.520	8.317
595.810	8.319
596.100	8.323
596.380	8.326
596.670	8.328
596.960	8.331
597.240	8.334
597.530	8.337
597.820	8.341
598.100	8.346
598.390	8.347
598.680	8.351
598.960	8.355
599.250	8.357
599.540	8.359
599.820	8.362
600.110	8.364
600.400	8.365
600.680	8.366
600.970	8.368
601.260	8.368
601.540	8.368
601.830	8.366
602.120	8.366
602.400	8.365
602.690	8.363
602.980	8.361
603.260	8.360
603.550	8.358
603.840	8.357
604.130	8.354
604.410	8.352
604.700	8.349
604.990	8.347
605.270	8.344
605.560	8.340
605.850	8.339
606.130	8.337
606.420	8.335
606.710	8.333
607.000	8.330
607.280	8.328
607.570	8.326
607.860	8.326
608.150	8.324
608.430	8.322
608.720	8.321
609.010	8.320
609.290	8.318
609.580	8.317
609.870	8.315
610.160	8.314
610.440	8.313
610.730	8.314
611.020	8.312
611.310	8.313
611.590	8.312
611.880	8.311
612.170	8.309
612.460	8.308
612.740	8.306
613.030	8.305
613.320	8.303
613.610	8.302
613.890	8.299
614.180	8.298
614.470	8.295
614.760	8.292
615.050	8.290
615.330	8.288
615.620	8.286
615.910	8.285
616.200	8.283
616.480	8.281
616.770	8.278
617.060	8.279
617.350	8.277
617.640	8.275
617.920	8.275
618.210	8.276
618.500	8.275
618.790	8.274
619.080	8.273
619.360	8.272
619.650	8.272
619.940	8.273
620.230	8.270
620.520	8.270
620.800	8.270
621.090	8.268
621.380	8.266
621.670	8.266
621.960	8.265
622.240	8.264
622.530	8.264
622.820	8.265
623.110	8.263
623.400	8.263
623.690	8.261
623.970	8.261
624.260	8.262
624.550	8.263
624.840	8.262
625.130	8.264
625.420	8.264
625.700	8.263
625.990	8.262
626.280	8.262
626.570	8.262
626.860	8.263
627.150	8.262
627.440	8.263
627.720	8.261
628.010	8.261
628.300	8.260
628.590	8.262
628.880	8.262
629.170	8.263
629.460	8.263
629.740	8.264
630.030	8.263
630.320	8.264
630.610	8.265
630.900	8.267
631.190	8.268
631.480	8.270
631.770	8.269
632.050	8.271
632.340	8.271
632.630	8.271
632.920	8.271
633.210	8.272
633.500	8.272
633.790	8.271
634.080	8.270
634.370	8.269
634.650	8.267
634.940	8.266
635.230	8.264
635.520	8.264
635.810	8.263
636.100	8.263
636.390	8.262
636.680	8.262
636.970	8.262
637.260	8.262
637.550	8.263
637.840	8.264
638.120	8.265
638.410	8.265
638.700	8.264
638.990	8.265
639.280	8.264
639.570	8.263
639.860	8.262
640.150	8.260
640.440	8.257
640.730	8.253
641.020	8.250
641.310	8.248
641.600	8.246
641.890	8.245
642.180	8.242
642.470	8.240
642.750	8.239
643.040	8.237
643.330	8.235
643.620	8.235
643.910	8.233
644.200	8.231
644.490	8.228
644.780	8.224
645.070	8.220
645.360	8.218
645.650	8.214
645.940	8.210
646.230	8.207
646.520	8.206
646.810	8.203
647.100	8.200
647.390	8.199
647.680	8.195
647.970	8.193
648.260	8.191
648.550	8.188
648.840	8.185
649.130	8.182
649.420	8.178
649.710	8.173
650.000	8.169
650.290	8.163
650.580	8.158
650.870	8.153
651.160	8.147
651.450	8.142
651.740	8.137
652.030	8.132
652.320	8.125
652.610	8.120
652.900	8.115
653.190	8.110
653.480	8.106
653.770	8.100
654.060	8.096
654.350	8.092
654.640	8.087
654.930	8.083
655.220	8.078
655.510	8.074
655.800	8.069
656.090	8.064
656.380	8.061
656.680	8.056
656.970	8.053
657.260	8.050
657.550	8.047
657.840	8.042
658.130	8.038
658.420	8.034
658.710	8.031
659.000	8.027
659.290	8.023
659.580	8.018
659.870	8.015
660.160	8.011
660.450	8.006
660.740	8.003
661.030	7.999
661.320	7.995
661.620	7.991
661.910	7.986
662.200	7.980
662.490	7.975
662.780	7.970
663.070	7.963
663.360	7.957
663.650	7.952
663.940	7.945
664.230	7.936
664.520	7.930
664.820	7.924
665.110	7.920
665.400	7.914
665.690	7.908
665.980	7.901
666.270	7.895
666.560	7.889
666.850	7.881
667.140	7.872
667.440	7.867
667.730	7.858
668.020	7.850
668.310	7.839
668.600	7.831
668.890	7.822
669.180	7.816
669.470	7.809
669.770	7.798
670.060	7.790
670.350	7.783
670.640	7.774
670.930	7.768
671.220	7.759
671.510	7.751
671.800	7.741
672.100	7.734
672.390	7.724
672.680	7.715
672.970	7.710
673.260	7.703
673.550	7.696
673.850	7.689
674.140	7.682
674.430	7.675
674.720	7.670
675.010	7.668
675.300	7.662
675.600	7.657
675.890	7.652
676.180	7.647
676.470	7.640
676.760	7.636
677.050	7.631
677.350	7.628
677.640	7.624
677.930	7.620
678.220	7.614
678.510	7.608
678.800	7.603
679.100	7.599
679.390	7.594
679.680	7.591
679.970	7.587
680.260	7.582
680.560	7.579
680.850	7.575
681.140	7.570
681.430	7.566
681.720	7.563
682.020	7.559
682.310	7.558
682.600	7.556
682.890	7.552
683.190	7.550
683.480	7.546
683.770	7.541
684.060	7.539
684.350	7.536
684.650	7.534
684.940	7.533
685.230	7.532
685.520	7.527
685.820	7.523
686.110	7.522
686.400	7.519
686.690	7.515
686.990	7.512
687.280	7.509
687.570	7.506
687.860	7.506
688.160	7.501
688.450	7.496
688.740	7.495
689.030	7.492
689.330	7.486
689.620	7.486
689.910	7.484
690.200	7.484
690.500	7.480
690.790	7.478
691.080	7.474
691.370	7.473
691.670	7.472
691.960	7.469
692.250	7.465
692.550	7.465
692.840	7.460
693.130	7.459
693.420	7.457
693.720	7.455
694.010	7.451
694.300	7.449
694.600	7.444
694.890	7.442
695.180	7.438
695.470	7.436
695.770	7.430
696.060	7.426
696.350	7.420
696.650	7.414
696.940	7.412
697.230	7.411
697.530	7.405
697.820	7.403
698.110	7.399
698.400	7.396
698.700	7.393
698.990	7.391
699.280	7.388
699.580	7.385
699.870	7.382
700.160	7.377
700.460	7.370
700.750	7.370
701.040	7.367
701.340	7.365
701.630	7.361
701.920	7.357
702.220	7.353
702.510	7.352
702.800	7.346
703.100	7.345
703.390	7.341
703.690	7.343
703.980	7.338
704.270	7.335
704.570	7.331
704.860	7.329
705.150	7.326
705.450	7.324
705.740	7.322
706.030	7.323
706.330	7.321
706.620	7.322
706.910	7.318
707.210	7.317
707.500	7.316
707.800	7.317
708.090	7.318
708.380	7.315
708.680	7.316
708.970	7.316
709.270	7.313
709.560	7.311
709.850	7.307
710.150	7.305
710.440	7.302
710.730	7.300
711.030	7.297
711.320	7.295
711.620	7.292
711.910	7.290
712.200	7.285
712.500	7.286
712.790	7.282
713.090	7.279
713.380	7.278
713.680	7.278
713.970	7.273
714.260	7.270
714.560	7.262
714.850	7.257
715.150	7.251
715.440	7.248
715.730	7.242
716.030	7.241
716.320	7.238
716.620	7.231
716.910	7.225
717.210	7.223
717.500	7.216
717.800	7.214
718.090	7.210
718.380	7.205
718.680	7.201
718.970	7.195
719.270	7.185
719.560	7.181
719.860	7.176
720.150	7.172
720.450	7.164
720.740	7.162
721.040	7.154
721.330	7.151
721.620	7.146
721.920	7.138
722.210	7.132
722.510	7.125
722.800	7.116
723.100	7.111
723.390	7.103
723.690	7.097
723.980	7.090
724.280	7.084
724.570	7.073
724.870	7.066
725.160	7.059
725.460	7.055
725.750	7.049
726.050	7.043
726.340	7.032
726.640	7.021
726.930	7.011
727.230	7.000
727.520	6.992
727.820	6.984
728.110	6.975
728.410	6.965
728.700	6.959
729.000	6.951
729.290	6.937
729.590	6.931
729.880	6.925
730.180	6.920
730.470	6.908
730.770	6.894
731.060	6.881
731.360	6.874
731.650	6.864
731.950	6.847
732.240	6.835
732.540	6.831
732.840	6.820
733.130	6.809
733.430	6.795
733.720	6.790
734.020	6.781
734.310	6.776
734.610	6.766
734.900	6.762
735.200	6.751
735.490	6.746
735.790	6.732
736.090	6.724
736.380	6.717
736.680	6.709
736.970	6.693
737.270	6.687
737.560	6.675
737.860	6.661
738.160	6.649
738.450	6.644
738.750	6.628
739.040	6.621
739.340	6.608
739.630	6.598
739.930	6.589
740.230	6.586
740.520	6.574
740.820	6.566
741.110	6.561
741.410	6.553
741.710	6.544
742.000	6.546
742.300	6.538
742.590	6.533
742.890	6.525
743.190	6.520
743.480	6.511
743.780	6.506
744.070	6.504
744.370	6.499
744.670	6.489
744.960	6.481
745.260	6.468
745.550	6.464
745.850	6.455
746.150	6.455
746.440	6.450
746.740	6.446
747.040	6.440
747.330	6.435
747.630	6.428
747.930	6.432
748.220	6.425
748.520	6.421
748.810	6.412
749.110	6.414
749.410	6.403
749.700	6.395
750.000	6.387
750.300	6.387
750.590	6.382
750.890	6.375
751.190	6.364
751.480	6.362
751.780	6.358
752.080	6.361
752.370	6.355
752.670	6.358
752.970	6.355
753.260	6.355
753.560	6.351
753.860	6.350
754.150	6.345
754.450	6.339
754.750	6.336
755.040	6.335
755.340	6.321
755.640	6.314
755.930	6.298
756.230	6.292
756.530	6.282
756.820	6.272
757.120	6.260
757.420	6.258
757.720	6.253
758.010	6.246
758.310	6.227
758.610	6.217
758.900	6.208
759.200	6.204
759.500	6.186
759.790	6.181
760.090	6.168
760.390	6.154
760.690	6.132
760.980	6.119
761.280	6.106
761.580	6.103
761.870	6.092
762.170	6.083
762.470	6.055
762.770	6.042
763.060	6.016
763.360	6.011
763.660	5.997
763.960	5.988
764.250	5.975
764.550	5.956
764.850	5.936
765.150	5.926
765.440	5.909
765.740	5.913
766.040	5.898
766.340	5.894
766.630	5.865
766.930	5.850
767.230	5.845
767.530	5.841
767.820	5.826
768.120	5.817
768.420	5.799
768.720	5.784
769.010	5.765
769.310	5.760
769.610	5.736
769.910	5.718
770.210	5.710
770.500	5.694
770.800	5.666
771.100	5.652
771.400	5.635
771.690	5.628
771.990	5.616
772.290	5.600
772.590	5.569
772.890	5.579
773.180	5.579
773.480	5.557
773.780	5.533
774.080	5.519
774.380	5.506
774.670	5.488
774.970	5.465
775.270	5.454
775.570	5.429
775.870	5.449
776.160	5.415
776.460	5.386
776.760	5.368
777.060	5.364
777.360	5.345
777.660	5.327
777.950	5.302
778.250	5.280
778.550	5.258
778.850	5.258
779.150	5.224
779.450	5.208
779.740	5.208
780.040	5.206
780.340	5.180
780.640	5.179
780.940	5.180
781.240	5.190
781.530	5.181
781.830	5.181
782.130	5.166
782.430	5.168
782.730	5.164
783.030	5.157
783.330	5.166
783.620	5.162
783.920	5.153
784.220	5.163
784.520	5.162
784.820	5.191
785.120	5.177
785.420	5.183
785.720	5.153
786.010	5.146
786.310	5.137
786.610	5.117
786.910	5.112
787.210	5.104
787.510	5.057
787.810	5.020
788.110	4.984
788.400	4.984
788.700	4.969
789.000	4.971
789.300	4.968
789.600	4.977
789.900	4.967
790.200	4.956
790.500	4.972
790.800	4.997
791.100	5.018
791.390	5.023
791.690	5.021
791.990	5.042
792.290	5.042
792.590	5.038
792.890	5.029
793.190	5.036
793.490	5.037
793.790	5.045
794.090	5.038
794.390	5.044
794.690	5.041
794.990	5.037
795.290	5.034
795.580	5.060
795.880	5.061
796.180	5.067
796.480	5.069
796.780	5.082
797.080	5.065
797.380	5.102
797.680	5.077
797.980	5.094
798.280	5.099
798.580	5.090
798.880	5.074
799.180	5.085
799.480	5.080
799.780	5.071
800.080	5.044
800.380	5.040
800.680	4.988
800.980	4.994
801.280	4.970
801.580	4.960
801.880	4.929
802.180	4.986
802.480	4.954
802.780	4.960
803.080	4.939
803.380	4.952
803.670	4.941
803.970	4.938
804.270	4.934
804.570	4.950
804.870	4.936
805.170	4.968
805.470	4.891
805.770	4.915
806.070	4.897
806.370	4.916
806.670	4.903
806.970	4.897
807.280	4.917
807.580	4.929
807.880	4.890
808.180	4.898
808.480	4.873
808.780	4.892
809.080	4.861
809.380	4.870
809.680	4.856
809.980	4.878
810.280	4.870
810.580	4.834
810.880	4.835
811.180	4.882
811.480	4.879
811.780	4.875
812.080	4.843
812.380	4.848
812.680	4.803
812.980	4.800
813.280	4.769
813.580	4.804
813.880	4.809
814.180	4.779
814.480	4.752
814.780	4.767
815.080	4.744
815.390	4.741
815.690	4.747
815.990	4.780
816.290	4.753
816.590	4.760
816.890	4.697
817.190	4.702
817.490	4.706
817.790	4.671
818.090	4.616
818.390	4.619
818.690	4.608
818.990	4.564
819.300	4.499
819.600	4.521
819.900	4.461
820.200	4.485
820.500	4.449
820.800	4.443
821.100	4.384
821.400	4.364
821.700	4.309
822.000	4.307
822.310	4.310
822.610	4.311
822.910	4.271
823.210	4.317
823.510	4.277
823.810	4.239
824.110	4.219
824.410	4.271
824.710	4.253
825.020	4.277
825.320	4.264
825.620	4.278
825.920	4.273
826.220	4.291
826.520	4.252
826.820	4.239
827.120	4.246
827.430	4.250
827.730	4.224
828.030	4.260
828.330	4.280
828.630	4.278
828.930	4.226
829.230	4.242
829.540	4.220
829.840	4.222
830.140	4.206
830.440	4.216
830.740	4.185
831.040	4.180
831.350	4.178
831.650	4.190
831.950	4.212
832.250	4.229
832.550	4.231
832.850	4.274
833.160	4.271
833.460	4.326
833.760	4.318
834.060	4.344
834.360	4.367
834.670	4.355
834.970	4.344
835.270	4.322
835.570	4.352
835.870	4.340
836.170	4.309
836.480	4.311
836.780	4.304
837.080	4.328
837.380	4.317
837.680	4.299
837.990	4.297
838.290	4.333
838.590	4.309
838.890	4.267
839.190	4.283
839.500	4.289
839.800	4.305
840.100	4.311
840.400	4.311
840.710	4.285
841.010	4.271
841.310	4.301
841.610	4.219
841.910	4.230
842.220	4.216
842.520	4.247
842.820	4.217
843.120	4.280
843.430	4.260
843.730	4.241
844.030	4.248
844.330	4.299
844.640	4.271
844.940	4.339
845.240	4.361
845.540	4.421
845.850	4.400
846.150	4.486
846.450	4.477
846.750	4.494
847.060	4.508
847.360	4.571
847.660	4.576
847.960	4.586
848.270	4.538
848.570	4.530
848.870	4.497
849.180	4.508
849.480	4.449
849.780	4.417
850.080	4.401
850.390	4.371
850.690	4.307
850.990	4.261
851.300	4.204
851.600	4.257
851.900	4.251
852.200	4.247
852.510	4.184
852.810	4.219
853.110	4.165
853.420	4.184
853.720	4.200
854.020	4.186
854.330	4.189
854.630	4.246
854.930	4.212
855.230	4.211
855.540	4.243
855.840	4.267
856.140	4.213
856.450	4.272
856.750	4.259
857.050	4.277
857.360	4.292
857.660	4.291
857.960	4.271
858.270	4.310
858.570	4.338
858.870	4.319
859.180	4.347
859.480	4.360
859.780	4.328
860.090	4.350
860.390	4.350
860.690	4.331
861.000	4.341
861.300	4.323
861.600	4.263
861.910	4.248
862.210	4.247
862.520	4.223
862.820	4.187
863.120	4.157
863.430	4.093
863.730	4.075
864.030	4.067
864.340	4.077
864.640	4.105
864.940	4.162
865.250	4.148
865.550	4.173
865.860	4.178
866.160	4.231
866.460	4.265
866.770	4.332
867.070	4.347
867.380	4.379
867.680	4.361
867.980	4.369
868.290	4.349
868.590	4.351
868.900	4.322
869.200	4.313
869.500	4.296
869.810	4.273
870.110	4.221
870.420	4.178
870.720	4.147
871.020	4.155
871.330	4.110
871.630	4.144
871.940	4.158
872.240	4.166
872.540	4.157
872.850	4.211
873.150	4.203
873.460	4.193
873.760	4.206
874.070	4.262
874.370	4.232
874.670	4.289
874.980	4.291
875.280	4.278
875.590	4.289
875.890	4.294
876.200	4.218
876.500	4.279
876.810	4.270
877.110	4.266
877.410	4.198
877.720	4.208
878.020	4.150
878.330	4.106
878.630	4.083
878.940	4.126
879.240	4.162
879.550	4.143
879.850	4.124
880.160	4.193
880.460	4.221
880.770	4.238
881.070	4.257
881.370	4.290
881.680	4.304
881.980	4.295
882.290	4.231
882.590	4.204
882.900	4.249
883.200	4.230
883.510	4.200
883.810	4.185
884.120	4.209
884.420	4.269
884.730	4.255
885.030	4.267
885.340	4.318
885.640	4.377
885.950	4.403
886.250	4.403
886.560	4.477
886.860	4.480
887.170	4.484
887.470	4.519
887.780	4.450
888.080	4.470
888.390	4.462
888.690	4.452
889.000	4.413
889.310	4.402
889.610	4.392
889.920	4.377
890.220	4.353
890.530	4.374
890.830	4.313
891.140	4.348
891.440	4.303
891.750	4.264
892.050	4.245
892.360	4.289
892.660	4.223
892.970	4.224
893.280	4.141
893.580	4.147
893.890	4.084
894.190	4.094
894.500	4.062
894.800	4.120
895.110	4.141
895.410	4.148
895.720	4.005
896.030	4.100
896.330	4.091
896.640	4.092
896.940	4.032
897.250	4.068
897.550	4.035
897.860	4.052
898.170	4.030
898.470	4.055
898.780	4.026
899.080	4.093
899.390	4.057
899.700	4.087
900.000	4.034
900.310	4.115
900.610	4.086
900.920	4.111
901.230	4.134
901.530	4.154
901.840	4.170
902.140	4.213
902.450	4.249
902.760	4.305
903.060	4.276
903.370	4.367
903.670	4.344
903.980	4.399
904.290	4.365
904.590	4.384
904.900	4.402
905.200	4.382
905.510	4.344
905.820	4.340
906.120	4.306
906.430	4.365
906.740	4.330
907.040	4.335
907.350	4.288
907.660	4.363
907.960	4.323
908.270	4.301
908.570	4.300
908.880	4.317
909.190	4.343
909.490	4.316
909.800	4.264
910.110	4.258
910.410	4.248
910.720	4.299
911.030	4.254
911.330	4.283
911.640	4.252
911.950	4.243
912.250	4.228
912.560	4.163
912.870	4.127
913.170	4.134
913.480	4.170
913.790	4.196
914.090	4.213
914.400	4.249
914.710	4.217
915.010	4.259
915.320	4.275
915.630	4.336
915.930	4.344
916.240	4.388
916.550	4.427
916.860	4.430
917.160	4.484
917.470	4.459
917.780	4.426
918.080	4.459
918.390	4.423
918.700	4.418
919.010	4.384
919.310	4.383
919.620	4.374
919.930	4.304
920.230	4.288
920.540	4.213
920.850	4.182
921.160	4.216
921.460	4.158
921.770	4.227
922.080	4.221
922.380	4.257
922.690	4.279
923.000	4.286
923.310	4.316
923.610	4.276
923.920	4.269
924.230	4.299
924.540	4.280
924.840	4.319
925.150	4.245
925.460	4.264
925.770	4.229
926.070	4.267
926.380	4.262
926.690	4.281
927.000	4.276
927.300	4.282
927.610	4.256
927.920	4.306
928.230	4.279
928.530	4.308
928.840	4.317
929.150	4.352
929.460	4.304
929.770	4.323
930.070	4.286
930.380	4.338
930.690	4.322
931.000	4.343
931.300	4.323
931.610	4.354
931.920	4.365
932.230	4.334
932.540	4.300
932.840	4.373
933.150	4.384
933.460	4.448
933.770	4.429
934.080	4.470
934.380	4.482
934.690	4.482
935.000	4.462
935.310	4.482
935.620	4.499
935.920	4.491
936.230	4.444
936.540	4.447
936.850	4.426
937.160	4.416
937.470	4.382
937.770	4.396
938.080	4.381
938.390	4.389
938.700	4.340
939.010	4.373
939.310	4.386
939.620	4.409
939.930	4.359
940.240	4.372
940.550	4.413
940.860	4.466
941.170	4.445
941.470	4.466
941.780	4.465
942.090	4.503
942.400	4.471
942.710	4.472
943.020	4.469
943.330	4.519
943.630	4.502
943.940	4.515
944.250	4.478
944.560	4.492
944.870	4.490
945.180	4.517
945.490	4.517
945.790	4.527
946.100	4.528
946.410	4.535
946.720	4.503
947.030	4.477
947.340	4.418
947.650	4.408
947.960	4.372
948.270	4.360
948.570	4.332
948.880	4.333
949.190	4.294
949.500	4.283
949.810	4.219
950.120	4.243
950.430	4.276
950.740	4.329
951.050	4.312
951.360	4.376
951.660	4.356
951.970	4.336
952.280	4.264
952.590	4.294
952.900	4.265
953.210	4.299
953.520	4.286
953.830	4.278
954.140	4.256
954.450	4.296
954.760	4.223
955.070	4.243
955.370	4.268
955.680	4.333
955.990	4.342
956.300	4.400
956.610	4.370
956.920	4.378
957.230	4.353
957.540	4.389
957.850	4.385
958.160	4.395
958.470	4.380
958.780	4.404
959.090	4.402
959.400	4.386
959.710	4.371
960.020	4.458
960.330	4.452
960.640	4.498
960.950	4.493
961.260	4.509
961.570	4.505
961.880	4.560
962.180	4.536
962.490	4.559
962.800	4.601
963.110	4.615
963.420	4.586
963.730	4.620
964.040	4.618
964.350	4.607
964.660	4.575
964.970	4.599
965.280	4.561
965.590	4.576
965.900	4.555
966.210	4.539
966.520	4.506
966.830	4.510
967.140	4.504
967.450	4.496
967.760	4.520
968.070	4.535
968.380	4.523
968.690	4.532
969.000	4.506
969.310	4.508
969.620	4.494
969.930	4.528
970.240	4.449
970.560	4.431
970.870	4.416
971.180	4.378
971.490	4.382
971.800	4.367
972.110	4.334
972.420	4.357
972.730	4.344
973.040	4.365
973.350	4.327
973.660	4.375
973.970	4.313
974.280	4.302
974.590	4.267
974.900	4.246
975.210	4.258
975.520	4.280
975.830	4.258
976.140	4.253
976.450	4.218
976.760	4.238
977.070	4.226
977.390	4.286
977.700	4.311
978.010	4.353
978.320	4.385
978.630	4.429
978.940	4.408
979.250	4.422
979.560	4.412
979.870	4.423
980.180	4.411
980.490	4.502
980.800	4.478
981.120	4.469
981.430	4.481
981.740	4.466
982.050	4.415
982.360	4.455
982.670	4.459
982.980	4.488
983.290	4.464
983.600	4.452
983.910	4.363
984.230	4.432
984.540	4.445
984.850	4.445
985.160	4.436
985.470	4.434
985.780	4.433
986.090	4.446
986.400	4.443
986.710	4.513
987.030	4.523
987.340	4.549
987.650	4.536
987.960	4.528
988.270	4.538
988.580	4.527
988.890	4.538
989.210	4.540
989.520	4.529
989.830	4.534
990.140	4.469
990.450	4.484
990.760	4.465
991.070	4.420
991.390	4.405
991.700	4.357
992.010	4.355
992.320	4.346
992.630	4.301
992.940	4.293
993.260	4.293
993.570	4.360
993.880	4.366
994.190	4.374
994.500	4.359
994.810	4.369
995.130	4.366
995.440	4.386
995.750	4.350
996.060	4.382
996.370	4.376
996.680	4.371
997.000	4.351
997.310	4.343
997.620	4.302
997.930	4.353
998.240	4.374
998.560	4.400
998.870	4.409
999.180	4.432
999.490	4.408
999.800	4.441
1000.120	4.423
1000.430	4.401
1000.740	4.401
1001.050	4.448
1001.360	4.401
1001.680	4.354
1001.990	4.329
1002.300	4.344
1002.610	4.334
1002.930	4.333
1003.240	4.287
1003.550	4.287
1003.860	4.247
1004.170	4.188
1004.490	4.179
1004.800	4.215
1005.110	4.253
1005.420	4.283
1005.740	4.241
1006.050	4.239
1006.360	4.216
1006.670	4.202
1006.990	4.170
1007.300	4.192
1007.610	4.232
1007.920	4.231
1008.240	4.202
1008.550	4.216
1008.860	4.227
1009.170	4.248
1009.490	4.239
1009.800	4.267
1010.110	4.303
1010.420	4.362
1010.740	4.385
1011.050	4.419
1011.360	4.407
1011.680	4.426
1011.990	4.428
1012.300	4.427
1012.610	4.437
1012.930	4.426
1013.240	4.407
1013.550	4.407
1013.870	4.343
1014.180	4.309
1014.490	4.262
1014.800	4.263
1015.120	4.243
1015.430	4.199
1015.740	4.145
1016.060	4.163
1016.370	4.178
1016.680	4.213
1017.000	4.156
1017.310	4.182
1017.620	4.221
1017.930	4.203
1018.250	4.156
1018.560	4.150
1018.870	4.134
1019.190	4.126
1019.500	4.098
1019.810	4.129
1020.130	4.083
1020.440	4.100
1020.750	4.133
1021.070	4.083
1021.380	4.109
1021.690	4.137
1022.010	4.149
1022.320	4.208
1022.630	4.211
1022.950	4.242
1023.260	4.266
1023.570	4.285
1023.890	4.334
1024.200	4.340
1024.510	4.392
1024.830	4.456
1025.140	4.465
1025.460	4.462
1025.770	4.459
1026.080	4.488
1026.400	4.424
1026.710	4.423
1027.020	4.470
1027.340	4.468
1027.650	4.469
1027.960	4.465
1028.280	4.420
1028.590	4.429
1028.910	4.465
1029.220	4.456
1029.530	4.462
1029.850	4.514
1030.160	4.521
1030.480	4.473
1030.790	4.444
1031.100	4.434
1031.420	4.429
1031.730	4.405
1032.050	4.427
1032.360	4.428
1032.670	4.454
1032.990	4.439
1033.300	4.411
1033.620	4.411
1033.930	4.463
1034.240	4.485
1034.560	4.469
1034.870	4.489
1035.190	4.490
1035.500	4.498
1035.810	4.480
1036.130	4.467
1036.440	4.474
1036.760	4.487
1037.070	4.467
1037.390	4.369
1037.700	4.333
1038.010	4.386
1038.330	4.326
1038.640	4.316
1038.960	4.254
1039.270	4.253
1039.590	4.202
1039.900	4.181
1040.220	4.146
1040.530	4.128
1040.840	4.227
1041.160	4.243
1041.470	4.147
1041.790	4.135
1042.100	4.182
1042.420	4.255
1042.730	4.271
1043.050	4.263
1043.360	4.262
1043.680	4.321
1043.990	4.361
1044.310	4.356
1044.620	4.340
1044.940	4.400
1045.250	4.429
1045.560	4.413
1045.880	4.374
1046.190	4.379
1046.510	4.432
1046.820	4.472
1047.140	4.441
1047.450	4.449
1047.770	4.455
1048.080	4.500
1048.400	4.474
1048.710	4.486
1049.030	4.501
1049.340	4.522
1049.660	4.512
1049.970	4.509
1050.290	4.489
1050.600	4.490
1050.920	4.479
1051.230	4.502
1051.550	4.502
1051.860	4.522
1052.180	4.533
1052.500	4.540
1052.810	4.542
1053.130	4.546
1053.440	4.514
1053.760	4.526
1054.070	4.558
1054.390	4.549
1054.700	4.529
1055.020	4.508
1055.330	4.515
1055.650	4.521
1055.960	4.507
1056.280	4.490
1056.590	4.467
1056.910	4.491
1057.230	4.467
1057.540	4.484
1057.860	4.481
1058.170	4.527
1058.490	4.509
1058.800	4.519
1059.120	4.501
1059.440	4.518
1059.750	4.498
1060.070	4.552
1060.380	4.566
1060.700	4.581
1061.010	4.548
1061.330	4.544
1061.650	4.501
1061.960	4.529
1062.280	4.496
1062.590	4.500
1062.910	4.482
1063.220	4.506
1063.540	4.480
1063.860	4.480
1064.170	4.448
1064.490	4.461
1064.800	4.477
1065.120	4.498
1065.440	4.494
1065.750	4.544
1066.070	4.536
1066.380	4.555
1066.700	4.572
1067.020	4.547
1067.330	4.509
1067.650	4.528
1067.960	4.512
1068.280	4.521
1068.600	4.487
1068.910	4.490
1069.230	4.441
1069.550	4.439
1069.860	4.422
1070.180	4.427
1070.490	4.451
1070.810	4.483
1071.130	4.480
1071.440	4.510
1071.760	4.503
1072.080	4.504
1072.390	4.507
1072.710	4.537
1073.030	4.536
1073.340	4.551
1073.660	4.546
1073.970	4.556
1074.290	4.569
1074.610	4.583
1074.920	4.542
1075.240	4.545
1075.560	4.531
1075.870	4.500
1076.190	4.472
1076.510	4.479
1076.820	4.470
1077.140	4.464
1077.460	4.449
1077.770	4.451
1078.090	4.472
1078.410	4.543
1078.720	4.535
1079.040	4.564
1079.360	4.597
1079.680	4.607
1079.990	4.592
1080.310	4.615
1080.630	4.613
1080.940	4.611
1081.260	4.588
1081.580	4.577
1081.890	4.537
1082.210	4.526
1082.530	4.480
1082.840	4.499
1083.160	4.510
1083.480	4.527
1083.800	4.533
1084.110	4.537
1084.430	4.518
1084.750	4.532
1085.060	4.501
1085.380	4.549
1085.700	4.573
1086.020	4.591
1086.330	4.591
1086.650	4.599
1086.970	4.590
1087.290	4.515
1087.600	4.505
1087.920	4.580
1088.240	4.552
1088.550	4.557
1088.870	4.497
1089.190	4.499
1089.510	4.511
1089.820	4.486
1090.140	4.458
1090.460	4.464
1090.780	4.522
1091.090	4.519
1091.410	4.479
1091.730	4.494
1092.050	4.473
1092.360	4.454
1092.680	4.414
1093.000	4.434
1093.320	4.427
1093.640	4.453
1093.950	4.440
1094.270	4.452
1094.590	4.462
1094.910	4.435
1095.220	4.417
1095.540	4.457
1095.860	4.451
1096.180	4.460
1096.500	4.420
1096.810	4.450
1097.130	4.424
1097.450	4.432
1097.770	4.413
1098.090	4.421
1098.400	4.418
1098.720	4.432
1099.040	4.419
1099.360	4.490
1099.680	4.519
1099.990	4.547
1100.310	4.507
1100.630	4.551
1100.950	4.549
1101.270	4.531
1101.580	4.545
1101.900	4.577
1102.220	4.608
1102.540	4.615
1102.860	4.591
1103.180	4.603
1103.490	4.604
1103.810	4.610
1104.130	4.597
1104.450	4.615
1104.770	4.620
1105.080	4.598
1105.400	4.595
1105.720	4.595
1106.040	4.585
1106.360	4.578
1106.680	4.531
1107.000	4.506
1107.310	4.539
1107.630	4.534
1107.950	4.518
1108.270	4.551
1108.590	4.558
1108.910	4.555
1109.230	4.564
1109.540	4.594
1109.860	4.588
1110.180	4.629
1110.500	4.639
1110.820	4.657
1111.140	4.651
1111.460	4.663
1111.780	4.646
1112.090	4.631
1112.410	4.608
1112.730	4.604
1113.050	4.573
1113.370	4.560
1113.690	4.522
1114.010	4.553
1114.330	4.514
1114.640	4.545
1114.960	4.532
1115.280	4.560
1115.600	4.591
1115.920	4.638
1116.240	4.606
1116.560	4.621
1116.880	4.636
1117.200	4.654
1117.520	4.627
1117.840	4.640
1118.150	4.618
1118.470	4.648
1118.790	4.609
1119.110	4.604
1119.430	4.567
1119.750	4.586
1120.070	4.574
1120.390	4.586
1120.710	4.590
1121.030	4.620
1121.350	4.593
1121.670	4.577
1121.990	4.563
1122.300	4.577
1122.620	4.540
1122.940	4.577
1123.260	4.566
1123.580	4.597
1123.900	4.578
1124.220	4.558
1124.540	4.543
1124.860	4.596
1125.180	4.624
1125.500	4.615
1125.820	4.607
1126.140	4.652
1126.460	4.643
1126.780	4.678
1127.100	4.675
1127.420	4.715
1127.740	4.733
1128.060	4.748
1128.380	4.705
1128.700	4.702
1129.020	4.696
1129.340	4.731
1129.660	4.729
1129.980	4.721
1130.300	4.707
1130.620	4.737
1130.940	4.697
1131.260	4.711
1131.580	4.698
1131.900	4.711
1132.220	4.729
1132.540	4.749
1132.860	4.753
1133.180	4.770
1133.500	4.778
1133.820	4.802
1134.140	4.763
1134.460	4.815
1134.780	4.813
1135.100	4.830
1135.420	4.841
1135.740	4.819
1136.060	4.864
1136.380	4.860
1136.700	4.830
1137.020	4.815
1137.340	4.809
1137.660	4.853
1137.980	4.812
1138.300	4.832
1138.620	4.836
1138.940	4.832
1139.260	4.846
1139.580	4.835
1139.900	4.821
1140.220	4.848
1140.540	4.863
1140.860	4.869
1141.180	4.838
1141.500	4.870
1141.820	4.874
1142.140	4.896
1142.460	4.895
1142.790	4.878
1143.110	4.861
1143.430	4.872
1143.750	4.861
1144.070	4.861
1144.390	4.829
1144.710	4.859
1145.030	4.850
1145.350	4.836
1145.670	4.808
1145.990	4.811
1146.310	4.813
1146.630	4.820
1146.960	4.798
1147.280	4.825
1147.600	4.791
1147.920	4.802
1148.240	4.764
1148.560	4.787
1148.880	4.775
1149.200	4.779
1149.520	4.820
1149.840	4.833
1150.160	4.797
1150.490	4.840
1150.810	4.811
1151.130	4.847
1151.450	4.852
1151.770	4.870
1152.090	4.837
1152.410	4.840
1152.730	4.808
1153.050	4.800
1153.380	4.787
1153.700	4.797
1154.020	4.752
1154.340	4.763
1154.660	4.759
1154.980	4.767
1155.300	4.758
1155.630	4.768
1155.950	4.768
1156.270	4.807
1156.590	4.791
1156.910	4.806
1157.230	4.832
1157.550	4.847
1157.880	4.827
1158.200	4.833
1158.520	4.825
1158.840	4.827
1159.160	4.815
1159.480	4.824
1159.800	4.789
1160.130	4.772
1160.450	4.759
1160.770	4.740
1161.090	4.756
1161.410	4.796
1161.730	4.784
1162.060	4.791
1162.380	4.788
1162.700	4.821
1163.020	4.802
1163.340	4.835
1163.670	4.817
1163.990	4.839
1164.310	4.838
1164.630	4.843
1164.950	4.825
1165.270	4.831
1165.600	4.817
1165.920	4.828
1166.240	4.802
1166.560	4.819
1166.880	4.859
1167.210	4.915
1167.530	4.901
1167.850	4.941
1168.170	4.930
1168.500	4.922
1168.820	4.935
1169.140	4.950
1169.460	4.928
1169.780	4.959
1170.110	4.970
1170.430	4.923
1170.750	4.885
1171.070	4.893
1171.400	4.863
1171.720	4.863
1172.040	4.852
1172.360	4.860
1172.680	4.837
1173.010	4.840
1173.330	4.811
1173.650	4.810
1173.970	4.809
1174.300	4.839
1174.620	4.834
1174.940	4.870
1175.260	4.856
1175.590	4.878
1175.910	4.847
1176.230	4.872
1176.550	4.867
1176.880	4.872
1177.200	4.862
1177.520	4.881
1177.840	4.861
1178.170	4.875
1178.490	4.822
1178.810	4.837
1179.140	4.823
1179.460	4.875
1179.780	4.856
1180.100	4.883
1180.430	4.865
1180.750	4.888
1181.070	4.893
1181.400	4.927
1181.720	4.918
1182.040	4.950
1182.360	4.950
1182.690	4.970
1183.010	4.931
1183.330	4.948
1183.660	4.957
1183.980	4.991
1184.300	4.971
1184.630	4.966
1184.950	4.963
1185.270	4.986
1185.590	4.980
1185.920	4.993
1186.240	4.980
1186.560	4.984
1186.890	4.981
1187.210	4.965
1187.530	4.919
1187.860	4.936
1188.180	4.912
1188.500	4.865
1188.830	4.838
1189.150	4.815
1189.470	4.793
1189.800	4.792
1190.120	4.787
1190.440	4.779
1190.770	4.768
1191.090	4.793
1191.410	4.767
1191.740	4.770
1192.060	4.790
1192.380	4.788
1192.710	4.790
1193.030	4.782
1193.360	4.768
1193.680	4.775
1194.000	4.757
1194.330	4.768
1194.650	4.761
1194.970	4.749
1195.300	4.736
1195.620	4.725
1195.940	4.723
1196.270	4.734
1196.590	4.735
1196.920	4.746
1197.240	4.711
1197.560	4.713
1197.890	4.703
1198.210	4.740
1198.540	4.716
1198.860	4.731
1199.180	4.732
1199.510	4.770
1199.830	4.731
1200.150	4.751
1200.480	4.735
1200.800	4.753
1201.130	4.747
1201.450	4.745
1201.780	4.709
1202.100	4.720
1202.420	4.709
1202.750	4.730
1203.070	4.669
1203.400	4.704
1203.720	4.660
1204.040	4.652
1204.370	4.669
1204.690	4.695
1205.020	4.696
1205.340	4.694
1205.670	4.708
1205.990	4.713
1206.310	4.720
1206.640	4.735
1206.960	4.728
1207.290	4.790
1207.610	4.805
1207.940	4.813
1208.260	4.819
1208.590	4.831
1208.910	4.839
1209.230	4.835
1209.560	4.827
1209.880	4.786
1210.210	4.782
1210.530	4.800
1210.860	4.736
1211.180	4.754
1211.510	4.734
1211.830	4.754
1212.160	4.751
1212.480	4.750
1212.800	4.749
1213.130	4.771
1213.450	4.793
1213.780	4.836
1214.100	4.834
1214.430	4.853
1214.750	4.829
1215.080	4.830
1215.400	4.799
1215.730	4.810
1216.050	4.807
1216.380	4.824
1216.700	4.804
1217.030	4.801
1217.350	4.754
1217.680	4.758
1218.000	4.758
1218.330	4.779
1218.650	4.752
1218.980	4.767
1219.300	4.741
1219.630	4.745
1219.950	4.744
1220.280	4.759
1220.600	4.731
1220.930	4.762
1221.250	4.745
1221.580	4.767
1221.900	4.738
1222.230	4.787
1222.560	4.764
1222.880	4.787
1223.210	4.769
1223.530	4.778
1223.860	4.763
1224.180	4.813
1224.510	4.785
1224.830	4.776
1225.160	4.765
1225.480	4.806
1225.810	4.772
1226.130	4.803
1226.460	4.789
1226.790	4.836
1227.110	4.810
1227.440	4.851
1227.760	4.823
1228.090	4.874
1228.410	4.885
1228.740	4.899
1229.060	4.895
1229.390	4.933
1229.720	4.923
1230.040	4.950
1230.370	4.917
1230.690	4.953
1231.020	4.931
1231.350	4.940
1231.670	4.889
1232.000	4.897
1232.320	4.899
1232.650	4.928
1232.970	4.884
1233.300	4.876
1233.630	4.874
1233.950	4.888
1234.280	4.883
1234.600	4.886
1234.930	4.888
1235.260	4.906
1235.580	4.914
1235.910	4.920
1236.230	4.888
1236.560	4.919
1236.890	4.914
1237.210	4.911
1237.540	4.897
1237.870	4.881
1238.190	4.884
1238.520	4.936
1238.840	4.936
1239.170	4.935
1239.500	4.899
1239.820	4.912
1240.150	4.881
1240.480	4.899
1240.800	4.887
1241.130	4.920
1241.450	4.923
1241.780	4.918
1242.110	4.861
1242.430	4.866
1242.760	4.863
1243.090	4.908
1243.410	4.888
1243.740	4.922
1244.070	4.915
1244.390	4.908
1244.720	4.884
1245.050	4.912
1245.370	4.917
1245.700	4.939
1246.030	4.934
1246.350	4.939
1246.680	4.917
1247.010	4.912
1247.330	4.893
1247.660	4.891
1247.990	4.896
1248.310	4.918
1248.640	4.875
1248.970	4.918
1249.290	4.895
1249.620	4.889
1249.950	4.884
1250.270	4.876
1250.600	4.872
1250.930	4.895
1251.250	4.913
1251.580	4.933
1251.910	4.914
1252.240	4.922
1252.560	4.874
1252.890	4.892
1253.220	4.867
1253.540	4.857
1253.870	4.858
1254.200	4.874
1254.530	4.856
1254.850	4.833
1255.180	4.796
1255.510	4.794
1255.830	4.789
1256.160	4.792
1256.490	4.754
1256.820	4.784
1257.140	4.785
1257.470	4.749
1257.800	4.724
1258.120	4.735
1258.450	4.719
1258.780	4.728
1259.110	4.716
1259.430	4.702
1259.760	4.693
1260.090	4.698
1260.420	4.690
1260.740	4.679
1261.070	4.671
1261.400	4.656
1261.730	4.632
1262.050	4.628
1262.380	4.613
1262.710	4.595
1263.040	4.600
1263.370	4.584
1263.690	4.587
1264.020	4.561
1264.350	4.526
1264.680	4.570
