194.150	4.385
194.410	4.421
194.670	4.441
194.930	4.308
195.190	4.373
195.450	4.323
195.700	4.370
195.960	4.304
196.220	4.320
196.480	4.253
196.740	4.241
197.000	4.247
197.260	4.277
197.520	4.258
197.770	4.276
198.030	4.252
198.290	4.295
198.550	4.253
198.810	4.282
199.070	4.268
199.330	4.288
199.590	4.311
199.850	4.259
200.100	4.193
200.360	4.200
200.620	4.166
200.880	4.157
201.140	4.108
201.400	4.106
201.660	4.078
201.920	4.053
202.180	4.085
202.440	4.048
202.690	4.060
202.950	4.077
203.210	4.028
203.470	4.108
203.730	4.078
203.990	4.139
204.250	4.107
204.510	4.265
204.770	4.236
205.030	4.195
205.290	4.180
205.550	4.191
205.810	4.184
206.070	4.195
206.320	4.159
206.580	4.191
206.840	4.161
207.100	4.146
207.360	3.954
207.620	3.975
207.880	3.971
208.140	3.939
208.400	3.897
208.660	3.945
208.920	3.974
209.180	3.978
209.440	3.967
209.700	3.964
209.960	3.995
210.220	4.069
210.480	4.015
210.740	4.049
211.000	4.020
211.260	4.040
211.520	3.974
211.780	3.963
212.040	3.905
212.300	3.912
212.560	3.876
212.820	3.908
213.080	3.809
213.340	3.881
213.600	3.787
213.860	3.895
214.120	3.856
214.380	3.883
214.640	3.835
214.900	3.931
215.160	3.883
215.420	3.993
215.680	3.957
215.940	4.065
216.200	4.059
216.460	4.137
216.720	4.065
216.980	4.195
217.240	4.181
217.500	4.216
217.760	4.204
218.020	4.263
218.280	4.218
218.540	4.271
218.800	4.232
219.060	4.277
219.320	4.247
219.580	4.331
219.840	4.230
220.100	4.279
220.360	4.263
220.620	4.307
220.880	4.253
221.140	4.324
221.400	4.288
221.660	4.347
221.920	4.291
222.180	4.343
222.440	4.323
222.710	4.387
222.970	4.348
223.230	4.420
223.490	4.345
223.750	4.391
224.010	4.290
224.270	4.371
224.530	4.302
224.790	4.364
225.050	4.297
225.310	4.345
225.570	4.291
225.830	4.348
226.100	4.309
226.360	4.369
226.620	4.329
226.880	4.352
227.140	4.264
227.400	4.302
227.660	4.259
227.920	4.290
228.180	4.195
228.440	4.277
228.700	4.195
228.970	4.168
229.230	4.161
229.490	4.170
229.750	4.160
230.010	4.210
230.270	4.155
230.530	4.159
230.790	4.117
231.050	4.108
231.320	3.956
231.580	4.046
231.840	4.034
232.100	4.046
232.360	4.005
232.620	4.040
232.880	3.875
233.150	3.874
233.410	3.804
233.670	3.920
233.930	3.916
234.190	4.061
234.450	4.009
234.710	4.029
234.980	3.990
235.240	4.057
235.500	4.025
235.760	4.119
236.020	4.081
236.280	4.167
236.540	4.054
236.810	4.118
237.070	4.017
237.330	4.077
237.590	4.047
237.850	4.073
238.110	3.990
238.380	4.005
238.640	4.008
238.900	4.071
239.160	3.998
239.420	4.041
239.690	4.001
239.950	4.108
240.210	4.058
240.470	4.046
240.730	3.970
240.990	4.095
241.260	4.075
241.520	4.096
241.780	4.088
242.040	4.198
242.300	4.148
242.570	4.228
242.830	4.193
243.090	4.204
243.350	4.208
243.620	4.238
243.880	4.214
244.140	4.252
244.400	4.219
244.660	4.235
244.930	4.144
245.190	4.211
245.450	4.116
245.710	4.140
245.970	4.129
246.240	4.195
246.500	4.164
246.760	4.137
247.020	4.066
247.290	4.078
247.550	4.014
247.810	4.017
248.070	3.959
248.340	4.031
248.600	3.952
248.860	3.942
249.120	3.879
249.390	3.909
249.650	3.899
249.910	3.955
250.170	3.900
250.440	4.012
250.700	3.970
250.960	4.033
251.220	3.942
251.490	4.001
251.750	3.969
252.010	3.944
252.280	3.955
252.540	3.974
252.800	3.918
253.060	3.994
253.330	3.859
253.590	3.898
253.850	3.825
254.120	3.875
254.380	3.810
254.640	3.858
254.900	3.827
255.170	3.828
255.430	3.793
255.690	3.816
255.960	3.726
256.220	3.833
256.480	3.841
256.750	3.917
257.010	3.872
257.270	3.914
257.530	3.848
257.800	3.945
258.060	3.859
258.320	3.889
258.590	3.860
258.850	3.993
259.110	3.962
259.380	3.986
259.640	3.914
259.900	3.983
260.170	3.934
260.430	3.972
260.690	3.883
260.960	4.010
261.220	4.019
261.480	4.052
261.750	4.008
262.010	4.054
262.270	4.004
262.540	4.042
262.800	3.999
263.060	4.057
263.330	4.057
263.590	4.167
263.860	4.106
264.120	4.070
264.380	4.047
264.650	4.042
264.910	3.967
265.170	4.030
265.440	4.053
265.700	4.089
265.960	4.008
266.230	4.006
266.490	3.864
266.760	3.924
267.020	3.949
267.280	4.018
267.550	4.001
267.810	4.007
268.070	3.942
268.340	3.919
268.600	3.803
268.870	3.862
269.130	3.838
269.390	3.911
269.660	3.799
269.920	3.788
270.190	3.683
270.450	3.647
270.710	3.576
270.980	3.616
271.240	3.547
271.510	3.648
271.770	3.609
272.040	3.606
272.300	3.499
272.560	3.585
272.830	3.511
273.090	3.473
273.360	3.484
273.620	3.632
273.890	3.654
274.150	3.785
274.410	3.753
274.680	3.771
274.940	3.763
275.210	3.793
275.470	3.848
275.740	3.864
276.000	3.879
276.260	3.868
276.530	3.817
276.790	3.788
277.060	3.691
277.320	3.691
277.590	3.593
277.850	3.716
278.120	3.678
278.380	3.585
278.650	3.574
278.910	3.627
279.170	3.588
279.440	3.606
279.700	3.596
279.970	3.599
280.230	3.622
280.500	3.679
280.760	3.575
281.030	3.722
281.290	3.735
281.560	3.775
281.820	3.757
282.090	3.913
282.350	3.962
282.620	4.009
282.880	4.006
283.150	4.030
283.410	4.052
283.680	4.062
283.940	4.018
284.210	4.034
284.470	4.014
284.740	3.999
285.000	3.877
285.270	3.783
285.530	3.722
285.800	3.764
286.060	3.761
286.330	3.749
286.590	3.664
286.860	3.712
287.120	3.660
287.390	3.643
287.650	3.557
287.920	3.528
288.190	3.553
288.450	3.636
288.720	3.569
288.980	3.509
289.250	3.501
289.510	3.576
289.780	3.410
290.040	3.416
290.310	3.499
290.570	3.693
290.840	3.719
291.110	3.677
291.370	3.509
291.640	3.491
291.900	3.509
292.170	3.501
292.430	3.472
292.700	3.597
292.960	3.581
293.230	3.531
293.500	3.340
293.760	3.336
294.030	3.339
294.290	3.516
294.560	3.497
294.820	3.562
295.090	3.460
295.360	3.429
295.620	3.188
295.890	3.321
296.150	3.303
296.420	3.364
296.690	3.263
296.950	3.357
297.220	3.190
297.480	3.267
297.750	3.142
298.020	3.297
298.280	3.241
298.550	3.447
298.810	3.326
299.080	3.456
299.350	3.446
299.610	3.476
299.880	3.379
300.140	3.403
300.410	3.243
300.680	3.336
300.940	3.298
301.210	3.424
301.480	3.336
301.740	3.394
302.010	3.240
302.270	3.309
302.540	3.370
302.810	3.411
303.070	3.421
303.340	3.543
303.610	3.377
303.870	3.453
304.140	3.419
304.410	3.513
304.670	3.513
304.940	3.579
305.210	3.596
305.470	3.652
305.740	3.636
306.000	3.661
306.270	3.651
306.540	3.728
306.800	3.608
307.070	3.608
307.340	3.640
307.600	3.655
307.870	3.530
308.140	3.478
308.410	3.404
308.670	3.479
308.940	3.450
309.210	3.453
309.470	3.446
309.740	3.619
310.010	3.556
310.270	3.454
310.540	3.290
310.810	3.439
311.070	3.467
311.340	3.519
311.610	3.434
311.870	3.447
312.140	3.475
312.410	3.496
312.680	3.381
312.940	3.439
313.210	3.423
313.480	3.602
313.740	3.501
314.010	3.424
314.280	3.237
314.550	3.192
314.810	3.084
315.080	3.038
315.350	3.006
315.610	3.026
315.880	2.884
316.150	3.101
316.420	2.992
316.680	2.964
316.950	3.159
317.220	3.318
317.490	3.367
317.750	3.462
318.020	3.482
318.290	3.534
318.560	3.488
318.820	3.659
319.090	3.540
319.360	3.528
319.630	3.607
319.890	3.603
320.160	3.563
320.430	3.582
320.700	3.450
320.960	3.338
321.230	3.281
321.500	3.343
321.770	3.186
322.040	3.255
322.300	3.302
322.570	3.288
322.840	3.276
323.110	3.387
323.370	3.409
323.640	3.509
323.910	3.506
324.180	3.557
324.450	3.547
324.710	3.605
324.980	3.556
325.250	3.520
325.520	3.531
325.790	3.560
326.050	3.436
326.320	3.457
326.590	3.506
326.860	3.623
327.130	3.553
327.390	3.596
327.660	3.616
327.930	3.668
328.200	3.676
328.470	3.655
328.730	3.575
329.000	3.682
329.270	3.679
329.540	3.681
329.810	3.576
330.080	3.587
330.340	3.501
330.610	3.491
330.880	3.409
331.150	3.472
331.420	3.499
331.690	3.561
331.950	3.444
332.220	3.405
332.490	3.423
332.760	3.526
333.030	3.498
333.300	3.686
333.570	3.599
333.830	3.714
334.100	3.651
334.370	3.652
334.640	3.570
334.910	3.674
335.180	3.693
335.450	3.658
335.710	3.597
335.980	3.661
336.250	3.551
336.520	3.728
336.790	3.707
337.060	3.807
337.330	3.784
337.600	3.825
337.860	3.790
338.130	3.803
338.400	3.846
338.670	3.879
338.940	3.849
339.210	3.865
339.480	3.762
339.750	3.750
340.020	3.585
340.290	3.601
340.550	3.651
340.820	3.712
341.090	3.634
341.360	3.680
341.630	3.704
341.900	3.803
342.170	3.743
342.440	3.789
342.710	3.714
342.980	3.813
343.250	3.818
343.510	3.748
343.780	3.720
344.050	3.796
344.320	3.709
344.590	3.645
344.860	3.548
345.130	3.659
345.400	3.520
345.670	3.639
345.940	3.567
346.210	3.647
346.480	3.626
346.750	3.658
347.020	3.568
347.290	3.618
347.560	3.693
347.830	3.737
348.090	3.683
348.360	3.805
348.630	3.729
348.900	3.802
349.170	3.729
349.440	3.759
349.710	3.629
349.980	3.752
350.250	3.689
350.520	3.753
350.790	3.737
351.060	3.696
351.330	3.672
351.600	3.807
351.870	3.807
352.140	3.812
352.410	3.795
352.680	3.944
352.950	3.893
353.220	3.930
353.490	3.862
353.760	3.786
354.030	3.841
354.300	3.844
354.570	3.788
354.840	3.784
355.110	3.774
355.380	3.793
355.650	3.683
355.920	3.704
356.190	3.652
356.460	3.622
356.730	3.698
357.000	3.676
357.270	3.592
357.540	3.591
357.810	3.482
358.080	3.447
358.350	3.438
358.620	3.461
358.890	3.366
359.160	3.452
359.430	3.490
359.700	3.422
359.970	3.379
360.240	3.462
360.520	3.403
360.790	3.522
361.060	3.578
361.330	3.648
361.600	3.587
361.870	3.670
362.140	3.665
362.410	3.618
362.680	3.734
362.950	3.776
363.220	3.712
363.490	3.725
363.760	3.626
364.030	3.610
364.300	3.507
364.570	3.557
364.840	3.573
365.120	3.586
365.390	3.596
365.660	3.538
365.930	3.544
366.200	3.608
366.470	3.531
366.740	3.613
367.010	3.547
367.280	3.590
367.550	3.582
367.820	3.506
368.100	3.490
368.370	3.491
368.640	3.489
368.910	3.476
369.180	3.461
369.450	3.485
369.720	3.438
369.990	3.603
370.260	3.630
370.530	3.667
370.810	3.649
371.080	3.665
371.350	3.716
371.620	3.709
371.890	3.653
372.160	3.743
372.430	3.822
372.700	3.853
372.980	3.807
373.250	3.816
373.520	3.787
373.790	3.877
374.060	3.803
374.330	3.794
374.600	3.768
374.880	3.808
375.150	3.694
375.420	3.652
375.690	3.632
375.960	3.636
376.230	3.579
376.500	3.644
376.780	3.532
377.050	3.586
377.320	3.558
377.590	3.585
377.860	3.572
378.130	3.662
378.410	3.583
378.680	3.636
378.950	3.563
379.220	3.593
379.490	3.497
379.760	3.577
380.040	3.536
380.310	3.487
380.580	3.493
380.850	3.515
381.120	3.489
381.400	3.605
381.670	3.513
381.940	3.573
382.210	3.526
382.480	3.631
382.760	3.549
383.030	3.653
383.300	3.611
383.570	3.648
383.840	3.616
384.120	3.666
384.390	3.606
384.660	3.663
384.930	3.560
385.200	3.634
385.480	3.483
385.750	3.538
386.020	3.433
386.290	3.565
386.570	3.506
386.840	3.521
387.110	3.439
387.380	3.446
387.650	3.479
387.930	3.627
388.200	3.555
388.470	3.580
388.740	3.483
389.020	3.483
389.290	3.399
389.560	3.419
389.830	3.375
390.110	3.371
390.380	3.267
390.650	3.187
390.920	3.169
391.200	3.209
391.470	3.322
391.740	3.467
392.010	3.512
392.290	3.510
392.560	3.439
392.830	3.469
393.110	3.540
393.380	3.672
393.650	3.730
393.920	3.711
394.200	3.740
394.470	3.656
394.740	3.652
395.020	3.619
395.290	3.604
395.560	3.709
395.830	3.755
396.110	3.720
396.380	3.719
396.650	3.690
396.930	3.653
397.200	3.631
397.470	3.707
397.740	3.618
398.020	3.658
398.290	3.722
398.560	3.705
398.840	3.692
399.110	3.661
399.380	3.672
399.660	3.619
399.930	3.660
400.200	3.669
400.480	3.735
400.750	3.768
401.020	3.782
401.300	3.699
401.570	3.676
401.840	3.582
402.120	3.631
402.390	3.572
402.660	3.588
402.940	3.467
403.210	3.454
403.480	3.198
403.760	3.183
404.030	3.032
404.300	3.170
404.580	3.115
404.850	3.230
405.120	3.161
405.400	3.113
405.670	3.128
405.940	3.263
406.220	3.271
406.490	3.380
406.770	3.339
407.040	3.499
407.310	3.440
407.590	3.474
407.860	3.498
408.130	3.563
408.410	3.560
408.680	3.561
408.960	3.502
409.230	3.498
409.500	3.491
409.780	3.598
410.050	3.500
410.320	3.546
410.600	3.466
410.870	3.445
411.150	3.370
411.420	3.441
411.690	3.455
411.970	3.574
412.240	3.573
412.520	3.621
412.790	3.606
413.060	3.649
413.340	3.679
413.610	3.794
413.890	3.809
414.160	3.891
414.440	3.848
414.710	3.859
414.980	3.841
415.260	3.866
415.530	3.875
415.810	3.902
416.080	3.915
416.360	3.936
416.630	3.876
416.900	3.909
417.180	3.842
417.450	3.954
417.730	3.942
418.000	3.976
418.280	3.928
418.550	3.889
418.830	3.837
419.100	3.867
419.370	3.842
419.650	3.859
419.920	3.802
420.200	3.823
420.470	3.720
420.750	3.726
421.020	3.638
421.300	3.681
421.570	3.679
421.850	3.750
422.120	3.642
422.400	3.676
422.670	3.684
422.940	3.720
423.220	3.665
423.490	3.695
423.770	3.669
424.040	3.666
424.320	3.622
424.590	3.665
424.870	3.580
425.140	3.641
425.420	3.639
425.690	3.623
425.970	3.541
426.240	3.644
426.520	3.542
426.790	3.608
427.070	3.554
427.340	3.558
427.620	3.504
427.890	3.534
428.170	3.517
428.440	3.444
428.720	3.351
428.990	3.419
429.270	3.311
429.550	3.353
429.820	3.165
430.100	3.233
430.370	3.287
430.650	3.426
430.920	3.459
431.200	3.457
431.470	3.499
431.750	3.618
432.020	3.634
432.300	3.674
432.570	3.688
432.850	3.723
433.120	3.687
433.400	3.766
433.680	3.699
433.950	3.614
434.230	3.588
434.500	3.607
434.780	3.624
435.050	3.609
435.330	3.626
435.610	3.750
435.880	3.802
436.160	3.921
436.430	3.914
436.710	3.918
436.980	3.937
437.260	3.950
437.540	3.947
437.810	3.946
438.090	3.963
438.360	3.984
438.640	3.915
438.910	3.925
439.190	3.839
439.470	3.791
439.740	3.840
440.020	3.888
440.290	3.891
440.570	3.899
440.850	3.812
441.120	3.830
441.400	3.747
441.670	3.758
441.950	3.774
442.230	3.838
442.500	3.794
442.780	3.685
443.050	3.611
443.330	3.654
443.610	3.547
443.880	3.579
444.160	3.522
444.440	3.615
444.710	3.508
444.990	3.439
445.260	3.411
445.540	3.430
445.820	3.445
446.090	3.549
446.370	3.544
446.650	3.694
446.920	3.779
447.200	3.790
447.480	3.744
447.750	3.839
448.030	3.880
448.310	3.864
448.580	3.882
448.860	3.964
449.140	3.922
449.410	3.875
449.690	3.760
449.960	3.751
450.240	3.702
450.520	3.782
450.790	3.678
451.070	3.663
451.350	3.679
451.630	3.737
451.900	3.718
452.180	3.758
452.460	3.791
452.730	3.884
453.010	3.866
453.290	3.993
453.560	3.958
453.840	4.065
454.120	4.079
454.390	4.127
454.670	4.087
454.950	4.087
455.220	4.101
455.500	4.142
455.780	4.083
456.060	4.079
456.330	3.990
456.610	4.009
456.890	3.935
457.160	3.981
457.440	3.906
457.720	3.959
458.000	3.894
458.270	3.882
458.550	3.810
458.830	3.898
459.100	3.882
459.380	3.883
459.660	3.854
459.940	3.910
460.210	3.815
460.490	3.806
460.770	3.730
461.050	3.837
461.320	3.772
461.600	3.841
461.880	3.706
462.160	3.713
462.430	3.737
462.710	3.737
462.990	3.701
463.270	3.734
463.540	3.738
463.820	3.797
464.100	3.735
464.380	3.803
464.650	3.686
464.930	3.797
465.210	3.812
465.490	3.792
465.760	3.793
466.040	3.792
466.320	3.810
466.600	3.885
466.880	3.870
467.150	3.909
467.430	3.866
467.710	3.941
467.990	3.901
468.260	3.939
468.540	3.932
468.820	3.935
469.100	3.931
469.380	3.933
469.650	3.869
469.930	3.877
470.210	3.819
470.490	3.882
470.770	3.827
471.040	3.878
471.320	3.838
471.600	3.891
471.880	3.868
472.160	3.922
472.440	3.880
472.710	3.918
472.990	3.889
473.270	3.973
473.550	3.924
473.830	3.985
474.100	3.931
474.380	3.919
474.660	3.889
474.940	3.860
475.220	3.850
475.500	3.943
475.770	3.914
476.050	3.964
476.330	3.889
476.610	3.951
476.890	3.949
477.170	4.014
477.450	3.999
477.720	4.055
478.000	4.110
478.280	4.101
478.560	4.099
478.840	4.186
479.120	4.201
479.400	4.248
479.670	4.230
479.950	4.261
480.230	4.276
480.510	4.360
480.790	4.374
481.070	4.433
481.350	4.458
481.630	4.480
481.900	4.476
482.180	4.536
482.460	4.575
482.740	4.689
483.020	4.759
483.300	4.859
483.580	4.926
483.860	4.987
484.140	5.033
484.410	5.151
484.690	5.208
484.970	5.284
485.250	5.349
485.530	5.418
485.810	5.466
486.090	5.523
486.370	5.556
486.650	5.620
486.930	5.676
487.210	5.729
487.480	5.759
487.760	5.821
488.040	5.857
488.320	5.905
488.600	5.952
488.880	5.995
489.160	6.036
489.440	6.096
489.720	6.132
490.000	6.175
490.280	6.224
490.560	6.274
490.840	6.319
491.120	6.375
491.400	6.419
491.670	6.471
491.950	6.524
492.230	6.577
492.510	6.616
492.790	6.665
493.070	6.714
493.350	6.764
493.630	6.809
493.910	6.856
494.190	6.900
494.470	6.948
494.750	6.987
495.030	7.022
495.310	7.056
495.590	7.096
495.870	7.128
496.150	7.163
496.430	7.193
496.710	7.225
496.990	7.252
497.270	7.279
497.550	7.303
497.830	7.329
498.110	7.357
498.390	7.386
498.670	7.411
498.950	7.437
499.230	7.464
499.510	7.488
499.790	7.511
500.070	7.535
500.350	7.558
500.630	7.580
500.910	7.604
501.190	7.627
501.470	7.649
501.750	7.670
502.030	7.690
502.310	7.709
502.590	7.726
502.870	7.745
503.150	7.762
503.430	7.777
503.710	7.794
503.990	7.807
504.270	7.820
504.550	7.833
504.830	7.847
505.110	7.859
505.390	7.871
505.670	7.883
505.950	7.892
506.230	7.903
506.510	7.912
506.790	7.922
507.080	7.931
507.360	7.940
507.640	7.947
507.920	7.954
508.200	7.959
508.480	7.965
508.760	7.971
509.040	7.977
509.320	7.982
509.600	7.988
509.880	7.992
510.160	7.997
510.440	8.000
510.720	8.004
511.000	8.009
511.290	8.015
511.570	8.020
511.850	8.026
512.130	8.030
512.410	8.036
512.690	8.041
512.970	8.046
513.250	8.051
513.530	8.058
513.810	8.063
514.090	8.068
514.380	8.072
514.660	8.076
514.940	8.080
515.220	8.084
515.500	8.090
515.780	8.095
516.060	8.098
516.340	8.102
516.620	8.105
516.910	8.109
517.190	8.112
517.470	8.115
517.750	8.118
518.030	8.123
518.310	8.126
518.590	8.128
518.870	8.131
519.160	8.134
519.440	8.137
519.720	8.141
520.000	8.143
520.280	8.147
520.560	8.149
520.840	8.152
521.130	8.154
521.410	8.158
521.690	8.161
521.970	8.163
522.250	8.165
522.530	8.168
522.810	8.169
523.100	8.172
523.380	8.173
523.660	8.175
523.940	8.177
524.220	8.178
524.500	8.180
524.790	8.181
525.070	8.183
525.350	8.184
525.630	8.184
525.910	8.186
526.200	8.186
526.480	8.188
526.760	8.189
527.040	8.191
527.320	8.193
527.600	8.194
527.890	8.195
528.170	8.197
528.450	8.197
528.730	8.199
529.010	8.200
529.300	8.202
529.580	8.204
529.860	8.206
530.140	8.206
530.420	8.205
530.710	8.206
530.990	8.206
531.270	8.206
531.550	8.209
531.840	8.210
532.120	8.210
532.400	8.210
532.680	8.210
532.960	8.211
533.250	8.211
533.530	8.215
533.810	8.217
534.090	8.219
534.380	8.222
534.660	8.223
534.940	8.224
535.220	8.226
535.510	8.227
535.790	8.228
536.070	8.228
536.350	8.229
536.640	8.229
536.920	8.227
537.200	8.227
537.480	8.225
537.770	8.224
538.050	8.222
538.330	8.223
538.610	8.221
538.900	8.222
539.180	8.221
539.460	8.220
539.740	8.217
540.030	8.218
540.310	8.216
540.590	8.217
540.880	8.215
541.160	8.214
541.440	8.212
541.720	8.210
542.010	8.210
542.290	8.209
542.570	8.209
542.860	8.210
543.140	8.210
543.420	8.209
543.700	8.208
543.990	8.209
544.270	8.209
544.550	8.209
544.840	8.210
545.120	8.210
545.400	8.210
545.690	8.210
545.970	8.210
546.250	8.210
546.540	8.210
546.820	8.210
547.100	8.209
547.390	8.209
547.670	8.210
547.950	8.211
548.230	8.212
548.520	8.213
548.800	8.213
549.080	8.214
549.370	8.215
549.650	8.215
549.930	8.216
550.220	8.217
550.500	8.218
550.790	8.218
551.070	8.217
551.350	8.216
551.640	8.216
551.920	8.216
552.200	8.215
552.490	8.214
552.770	8.215
553.050	8.215
553.340	8.215
553.620	8.216
553.900	8.217
554.190	8.219
554.470	8.219
554.760	8.218
555.040	8.219
555.320	8.221
555.610	8.222
555.890	8.222
556.170	8.222
556.460	8.224
556.740	8.223
557.030	8.224
557.310	8.223
557.590	8.225
557.880	8.227
558.160	8.229
558.450	8.229
558.730	8.231
559.010	8.230
559.300	8.231
559.580	8.229
559.870	8.230
560.150	8.228
560.430	8.227
560.720	8.225
561.000	8.224
561.290	8.221
561.570	8.219
561.850	8.216
562.140	8.213
562.420	8.210
562.710	8.207
562.990	8.204
563.280	8.201
563.560	8.197
563.840	8.194
564.130	8.189
564.410	8.186
564.700	8.180
564.980	8.176
565.270	8.173
565.550	8.170
565.840	8.167
566.120	8.163
566.400	8.160
566.690	8.156
566.970	8.152
567.260	8.148
567.540	8.143
567.830	8.141
568.110	8.138
568.400	8.134
568.680	8.129
568.970	8.126
569.250	8.122
569.540	8.119
569.820	8.116
570.100	8.114
570.390	8.111
570.670	8.110
570.960	8.105
571.240	8.103
571.530	8.100
571.810	8.098
572.100	8.096
572.380	8.096
572.670	8.093
572.950	8.091
573.240	8.089
573.520	8.089
573.810	8.087
574.090	8.087
574.380	8.086
574.660	8.087
574.950	8.088
575.230	8.087
575.520	8.086
575.800	8.088
576.090	8.089
576.370	8.090
576.660	8.092
576.940	8.094
577.230	8.095
577.510	8.096
577.800	8.098
578.090	8.099
578.370	8.101
578.660	8.103
578.940	8.106
579.230	8.109
579.510	8.109
579.800	8.111
580.080	8.112
580.370	8.114
580.650	8.116
580.940	8.118
581.220	8.121
581.510	8.122
581.800	8.123
582.080	8.123
582.370	8.123
582.650	8.125
582.940	8.123
583.220	8.124
583.510	8.122
583.800	8.122
584.080	8.121
584.370	8.119
584.650	8.117
584.940	8.116
585.220	8.113
585.510	8.111
585.800	8.107
586.080	8.105
586.370	8.102
586.650	8.101
586.940	8.097
587.220	8.095
587.510	8.092
587.800	8.089
588.080	8.086
588.370	8.085
588.650	8.081
588.940	8.077
589.230	8.073
589.510	8.069
589.800	8.064
590.080	8.059
590.370	8.053
590.660	8.047
590.940	8.041
591.230	8.036
591.510	8.029
591.800	8.023
592.090	8.016
592.370	8.012
592.660	8.005
592.950	7.999
593.230	7.994
593.520	7.990
593.800	7.983
594.090	7.979
594.380	7.972
594.660	7.967
594.950	7.960
595.240	7.957
595.520	7.950
595.810	7.945
596.100	7.939
596.380	7.933
596.670	7.926
596.960	7.921
597.240	7.913
597.530	7.908
597.820	7.903
598.100	7.900
598.390	7.892
598.680	7.888
598.960	7.883
599.250	7.878
599.540	7.873
599.820	7.869
600.110	7.864
600.400	7.859
600.680	7.853
600.970	7.848
601.260	7.840
601.540	7.834
601.830	7.828
602.120	7.824
602.400	7.820
602.690	7.813
602.980	7.806
603.260	7.801
603.550	7.796
603.840	7.792
604.130	7.788
604.410	7.784
604.700	7.778
604.990	7.772
605.270	7.765
605.560	7.757
605.850	7.751
606.130	7.745
606.420	7.736
606.710	7.729
607.000	7.720
607.280	7.713
607.570	7.705
607.860	7.698
608.150	7.690
608.430	7.681
608.720	7.673
609.010	7.665
609.290	7.657
609.580	7.649
609.870	7.639
610.160	7.631
610.440	7.620
610.730	7.610
611.020	7.598
611.310	7.590
611.590	7.579
611.880	7.568
612.170	7.554
612.460	7.541
612.740	7.527
613.030	7.518
613.320	7.505
613.610	7.493
613.890	7.480
614.180	7.467
614.470	7.453
614.760	7.440
615.050	7.426
615.330	7.417
615.620	7.405
615.910	7.395
616.200	7.377
616.480	7.363
616.770	7.349
617.060	7.341
617.350	7.330
617.640	7.317
617.920	7.306
618.210	7.298
618.500	7.284
618.790	7.272
619.080	7.260
619.360	7.253
619.650	7.245
619.940	7.239
620.230	7.224
620.520	7.218
620.800	7.209
621.090	7.199
621.380	7.188
621.670	7.183
621.960	7.177
622.240	7.171
622.530	7.166
622.820	7.161
623.110	7.154
623.400	7.149
623.690	7.140
623.970	7.138
624.260	7.132
624.550	7.131
624.840	7.125
625.130	7.123
625.420	7.117
625.700	7.111
625.990	7.105
626.280	7.099
626.570	7.093
626.860	7.091
627.150	7.082
627.440	7.077
627.720	7.067
628.010	7.061
628.300	7.048
628.590	7.045
628.880	7.037
629.170	7.030
629.460	7.020
629.740	7.013
630.030	6.999
630.320	6.992
630.610	6.982
630.900	6.975
631.190	6.965
631.480	6.957
631.770	6.945
632.050	6.936
632.340	6.922
632.630	6.911
632.920	6.897
633.210	6.883
633.500	6.870
633.790	6.853
634.080	6.836
634.370	6.821
634.650	6.802
634.940	6.783
635.230	6.767
635.520	6.753
635.810	6.734
636.100	6.716
636.390	6.700
636.680	6.681
636.970	6.671
637.260	6.657
637.550	6.646
637.840	6.638
638.120	6.630
638.410	6.618
638.700	6.606
638.990	6.604
639.280	6.595
639.570	6.585
639.860	6.577
640.150	6.566
640.440	6.554
640.730	6.542
641.020	6.527
641.310	6.516
641.600	6.502
641.890	6.499
642.180	6.482
642.470	6.480
642.750	6.483
643.040	6.476
643.330	6.466
643.620	6.466
643.910	6.459
644.200	6.457
644.490	6.449
644.780	6.444
645.070	6.430
645.360	6.430
645.650	6.418
645.940	6.409
646.230	6.400
646.520	6.396
646.810	6.382
647.100	6.374
647.390	6.359
647.680	6.347
647.970	6.334
648.260	6.326
648.550	6.312
648.840	6.299
649.130	6.276
649.420	6.263
649.710	6.246
650.000	6.230
650.290	6.215
650.580	6.206
650.870	6.191
651.160	6.176
651.450	6.157
651.740	6.130
652.030	6.107
652.320	6.085
652.610	6.064
652.900	6.049
653.190	6.027
653.480	6.009
653.770	5.979
654.060	5.956
654.350	5.940
654.640	5.917
654.930	5.905
655.220	5.888
655.510	5.878
655.800	5.859
656.090	5.835
656.380	5.823
656.680	5.793
656.970	5.781
657.260	5.764
657.550	5.741
657.840	5.720
658.130	5.702
658.420	5.684
658.710	5.661
659.000	5.637
659.290	5.619
659.580	5.594
659.870	5.594
660.160	5.565
660.450	5.549
660.740	5.533
661.030	5.522
661.320	5.505
661.620	5.500
661.910	5.479
662.200	5.468
662.490	5.445
662.780	5.433
663.070	5.397
663.360	5.381
663.650	5.367
663.940	5.353
664.230	5.332
664.520	5.324
664.820	5.308
665.110	5.321
665.400	5.305
665.690	5.294
665.980	5.296
666.270	5.286
666.560	5.289
666.850	5.289
667.140	5.260
667.440	5.264
667.730	5.238
668.020	5.226
668.310	5.186
668.600	5.178
668.890	5.164
669.180	5.160
669.470	5.155
669.770	5.134
670.060	5.111
670.350	5.110
670.640	5.080
670.930	5.076
671.220	5.054
671.510	5.053
671.800	5.019
672.100	5.002
672.390	4.949
672.680	4.927
672.970	4.914
673.260	4.908
673.550	4.878
673.850	4.866
674.140	4.855
674.430	4.834
674.720	4.800
675.010	4.793
675.300	4.778
675.600	4.749
675.890	4.738
676.180	4.724
676.470	4.656
676.760	4.636
677.050	4.583
677.350	4.551
677.640	4.512
677.930	4.470
678.220	4.423
678.510	4.413
678.800	4.401
679.100	4.360
679.390	4.294
679.680	4.290
679.970	4.251
680.260	4.219
680.560	4.163
680.850	4.130
681.140	4.127
681.430	4.131
681.720	4.035
682.020	3.988
682.310	4.012
682.600	4.010
682.890	4.022
683.190	4.040
683.480	4.010
683.770	4.007
684.060	3.957
684.350	3.957
684.650	3.961
684.940	4.013
685.230	4.035
685.520	3.961
685.820	3.945
686.110	3.920
686.400	3.868
686.690	3.891
686.990	3.832
687.280	3.910
687.570	3.879
687.860	3.887
688.160	3.808
688.450	3.749
688.740	3.752
689.030	3.732
689.330	3.663
689.620	3.699
689.910	3.698
690.200	3.784
690.500	3.771
690.790	3.781
691.080	3.713
691.370	3.699
691.670	3.669
691.960	3.688
692.250	3.697
692.550	3.743
692.840	3.682
693.130	3.710
693.420	3.673
693.720	3.693
694.010	3.661
694.300	3.642
694.600	3.646
694.890	3.766
695.180	3.755
695.470	3.780
695.770	3.759
696.060	3.789
696.350	3.754
696.650	3.704
696.940	3.631
697.230	3.675
697.530	3.612
697.820	3.692
698.110	3.613
698.400	3.636
698.700	3.547
698.990	3.544
699.280	3.504
699.580	3.475
699.870	3.468
700.160	3.499
700.460	3.358
700.750	3.513
701.040	3.497
701.340	3.503
701.630	3.512
701.920	3.599
702.220	3.552
702.510	3.638
702.800	3.628
703.100	3.669
703.390	3.660
703.690	3.845
703.980	3.831
704.270	3.801
704.570	3.801
704.860	3.743
705.150	3.769
705.450	3.812
705.740	3.794
706.030	3.810
706.330	3.862
706.620	3.918
706.910	3.849
707.210	3.798
707.500	3.826
707.800	3.864
708.090	3.903
708.380	3.879
708.680	3.878
708.970	3.905
709.270	3.878
709.560	3.843
709.850	3.731
710.150	3.721
710.440	3.722
710.730	3.655
711.030	3.593
711.320	3.617
711.620	3.633
711.910	3.632
712.200	3.521
712.500	3.648
712.790	3.579
713.090	3.596
713.380	3.624
713.680	3.722
713.970	3.732
714.260	3.758
714.560	3.657
714.850	3.573
715.150	3.548
715.440	3.569
715.730	3.495
716.030	3.591
716.320	3.595
716.620	3.522
716.910	3.464
717.210	3.554
717.500	3.431
717.800	3.521
718.090	3.498
718.380	3.521
718.680	3.606
718.970	3.571
719.270	3.492
719.560	3.545
719.860	3.589
720.150	3.645
720.450	3.620
720.740	3.718
721.040	3.644
721.330	3.758
721.620	3.720
721.920	3.651
722.210	3.669
722.510	3.645
722.800	3.594
723.100	3.591
723.390	3.479
723.690	3.519
723.980	3.514
724.280	3.574
724.570	3.460
724.870	3.484
725.160	3.462
725.460	3.497
725.750	3.537
726.050	3.601
726.340	3.568
726.640	3.597
726.930	3.494
727.230	3.456
727.520	3.484
727.820	3.524
728.110	3.479
728.410	3.540
728.700	3.601
729.000	3.702
729.290	3.592
729.590	3.575
729.880	3.586
730.180	3.685
730.470	3.656
730.770	3.607
731.060	3.553
731.360	3.654
731.650	3.618
731.950	3.526
732.240	3.466
732.540	3.651
732.840	3.686
733.130	3.693
733.430	3.677
733.720	3.827
734.020	3.830
734.310	3.890
734.610	3.874
734.900	3.969
735.200	4.001
735.490	4.017
735.790	3.957
736.090	3.987
736.380	4.026
736.680	4.011
736.970	3.924
737.270	3.961
737.560	3.944
737.860	3.931
738.160	3.840
738.450	3.851
738.750	3.765
739.040	3.806
739.340	3.734
739.630	3.688
739.930	3.639
740.230	3.699
740.520	3.689
740.820	3.634
741.110	3.605
741.410	3.615
741.710	3.595
742.000	3.735
742.300	3.641
742.590	3.649
742.890	3.592
743.190	3.684
743.480	3.595
743.780	3.553
744.070	3.612
744.370	3.637
744.670	3.565
744.960	3.527
745.260	3.400
745.550	3.469
745.850	3.426
746.150	3.564
746.440	3.544
746.740	3.625
747.040	3.600
747.330	3.646
747.630	3.656
747.930	3.789
748.220	3.767
748.520	3.816
748.810	3.786
749.110	3.877
749.410	3.794
749.700	3.826
750.000	3.806
750.300	3.825
750.590	3.807
750.890	3.816
751.190	3.698
751.480	3.729
751.780	3.655
752.080	3.692
752.370	3.584
752.670	3.700
752.970	3.625
753.260	3.589
753.560	3.616
753.860	3.632
754.150	3.600
754.450	3.637
754.750	3.647
755.040	3.733
755.340	3.717
755.640	3.723
755.930	3.580
756.230	3.606
756.530	3.657
756.820	3.655
757.120	3.603
757.420	3.602
757.720	3.597
758.010	3.597
758.310	3.470
758.610	3.445
758.900	3.510
759.200	3.601
759.500	3.522
759.790	3.533
760.090	3.488
760.390	3.513
760.690	3.426
760.980	3.493
761.280	3.532
761.580	3.700
761.870	3.740
762.170	3.774
762.470	3.667
762.770	3.728
763.060	3.699
763.360	3.817
763.660	3.808
763.960	3.864
764.250	3.826
764.550	3.838
764.850	3.720
765.150	3.728
765.440	3.687
765.740	3.818
766.040	3.790
766.340	3.812
766.630	3.780
766.930	3.790
767.230	3.862
767.530	3.967
767.820	3.960
768.120	4.043
768.420	4.052
768.720	4.077
769.010	4.060
769.310	4.138
769.610	4.119
769.910	4.088
770.210	4.104
770.500	4.065
770.800	4.017
771.100	4.007
771.400	3.961
771.690	3.963
771.990	3.981
772.290	3.979
772.590	3.864
772.890	3.921
773.180	3.971
773.480	3.950
773.780	3.955
774.080	3.945
774.380	3.929
774.670	3.926
774.970	3.908
775.270	3.900
775.570	3.848
775.870	3.984
776.160	3.952
776.460	3.870
776.760	3.830
777.060	3.835
777.360	3.830
777.660	3.814
777.950	3.765
778.250	3.747
778.550	3.676
778.850	3.669
779.150	3.569
779.450	3.535
779.740	3.619
780.040	3.664
780.340	3.639
780.640	3.618
780.940	3.668
781.240	3.730
781.530	3.728
781.830	3.788
782.130	3.815
782.430	3.843
782.730	3.864
783.030	3.867
783.330	3.899
783.620	3.879
783.920	3.848
784.220	3.916
784.520	3.885
784.820	3.954
785.120	3.903
785.420	3.960
785.720	3.907
786.010	3.926
786.310	3.898
786.610	3.879
786.910	3.891
787.210	3.901
787.510	3.790
787.810	3.774
788.110	3.725
788.400	3.754
788.700	3.694
789.000	3.692
789.300	3.661
789.600	3.727
789.900	3.701
790.200	3.688
790.500	3.755
790.800	3.856
791.100	3.878
791.390	3.886
791.690	3.889
791.990	3.983
792.290	4.018
792.590	4.023
792.890	4.005
793.190	4.019
793.490	4.020
793.790	4.045
794.090	3.984
794.390	4.016
794.690	3.996
794.990	4.025
795.290	3.999
795.580	4.020
795.880	4.021
796.180	4.012
796.480	4.031
796.780	4.082
797.080	4.070
797.380	4.206
797.680	4.171
797.980	4.255
798.280	4.257
798.580	4.245
798.880	4.248
799.180	4.293
799.480	4.319
799.780	4.334
800.080	4.295
800.380	4.300
800.680	4.187
800.980	4.191
801.280	4.129
801.580	4.129
801.880	4.075
802.180	4.205
802.480	4.117
802.780	4.156
803.080	4.098
803.380	4.145
803.670	4.118
803.970	4.140
804.270	4.142
804.570	4.188
804.870	4.183
805.170	4.272
805.470	4.171
805.770	4.240
806.070	4.219
806.370	4.279
806.670	4.274
806.970	4.275
807.280	4.305
807.580	4.358
807.880	4.316
808.180	4.334
808.480	4.283
808.780	4.306
809.080	4.275
809.380	4.302
809.680	4.247
809.980	4.272
810.280	4.278
810.580	4.206
810.880	4.177
811.180	4.272
811.480	4.237
811.780	4.241
812.080	4.166
812.380	4.209
812.680	4.103
812.980	4.175
813.280	4.146
813.580	4.214
813.880	4.256
814.180	4.247
814.480	4.194
814.780	4.256
815.080	4.231
815.390	4.232
815.690	4.187
815.990	4.235
816.290	4.167
816.590	4.168
816.890	4.064
817.190	4.082
817.490	4.082
817.790	4.071
818.090	4.001
818.390	4.025
818.690	4.021
818.990	4.026
819.300	3.949
819.600	4.029
819.900	3.959
820.200	4.000
820.500	3.956
820.800	3.993
821.100	3.904
821.400	3.836
821.700	3.776
822.000	3.823
822.310	3.837
822.610	3.867
822.910	3.805
823.210	3.861
823.510	3.807
823.810	3.777
824.110	3.706
824.410	3.769
824.710	3.777
825.020	3.799
825.320	3.781
825.620	3.789
825.920	3.777
826.220	3.789
826.520	3.781
826.820	3.776
827.120	3.785
827.430	3.816
827.730	3.806
828.030	3.854
828.330	3.879
828.630	3.875
828.930	3.821
829.230	3.848
829.540	3.853
829.840	3.831
830.140	3.803
830.440	3.797
830.740	3.804
831.040	3.790
831.350	3.805
831.650	3.835
831.950	3.850
832.250	3.861
832.550	3.854
832.850	3.866
833.160	3.920
833.460	3.998
833.760	4.040
834.060	4.039
834.360	4.067
834.670	4.077
834.970	4.069
835.270	4.047
835.570	4.050
835.870	4.064
836.170	4.047
836.480	3.997
836.780	3.977
837.080	3.978
837.380	3.981
837.680	3.991
837.990	3.985
838.290	3.996
838.590	3.959
838.890	3.950
839.190	3.951
839.500	3.954
839.800	3.976
840.100	4.025
840.400	4.030
840.710	4.006
841.010	3.956
841.310	3.978
841.610	3.927
841.910	3.961
842.220	3.931
842.520	3.980
842.820	3.910
843.120	3.977
843.430	3.932
843.730	3.911
844.030	3.913
844.330	3.932
844.640	3.888
844.940	3.967
845.240	4.014
845.540	4.122
845.850	4.105
846.150	4.229
846.450	4.249
846.750	4.279
847.060	4.298
847.360	4.340
847.660	4.395
847.960	4.398
848.270	4.369
848.570	4.340
848.870	4.264
849.180	4.277
849.480	4.230
849.780	4.182
850.080	4.148
850.390	4.077
850.690	4.030
850.990	3.930
851.300	3.883
851.600	3.919
851.900	3.898
852.200	3.922
852.510	3.803
852.810	3.836
853.110	3.792
853.420	3.813
853.720	3.855
854.020	3.858
854.330	3.882
854.630	3.967
854.930	3.904
855.230	3.898
855.540	3.949
855.840	4.002
856.140	3.916
856.450	3.958
856.750	3.948
857.050	4.002
857.360	4.002
857.660	3.981
857.960	3.936
858.270	4.017
858.570	4.087
858.870	4.057
859.180	4.041
859.480	4.087
859.780	4.020
860.090	4.034
860.390	3.988
860.690	3.993
861.000	3.997
861.300	3.991
861.600	3.911
861.910	3.871
862.210	3.851
862.520	3.868
862.820	3.843
863.120	3.904
863.430	3.830
863.730	3.841
864.030	3.787
864.340	3.834
864.640	3.846
864.940	3.905
865.250	3.891
865.550	3.920
865.860	3.921
866.160	3.954
866.460	3.959
866.770	4.063
867.070	4.062
867.380	4.102
867.680	4.086
867.980	4.091
868.290	4.046
868.590	4.046
868.900	4.032
869.200	4.045
869.500	4.005
869.810	3.993
870.110	3.920
870.420	3.904
870.720	3.875
871.020	3.894
871.330	3.867
871.630	3.966
871.940	3.960
872.240	3.962
872.540	3.939
872.850	3.994
873.150	3.966
873.460	3.984
873.760	4.003
874.070	4.081
874.370	4.035
874.670	4.097
874.980	4.054
875.280	4.048
875.590	4.057
875.890	4.071
876.200	4.018
876.500	4.117
876.810	4.105
877.110	4.089
877.410	3.988
877.720	3.999
878.020	3.951
878.330	3.895
878.630	3.886
878.940	3.936
879.240	3.948
879.550	3.929
879.850	3.832
880.160	3.878
880.460	3.871
880.770	3.937
881.070	3.926
881.370	3.920
881.680	3.952
881.980	3.947
882.290	3.850
882.590	3.844
882.900	3.852
883.200	3.831
883.510	3.758
883.810	3.758
884.120	3.726
884.420	3.835
884.730	3.850
885.030	3.854
885.340	3.887
885.640	3.997
885.950	4.040
886.250	4.087
886.560	4.204
886.860	4.253
887.170	4.265
887.470	4.317
887.780	4.220
888.080	4.238
888.390	4.252
888.690	4.263
889.000	4.205
889.310	4.181
889.610	4.158
889.920	4.116
890.220	4.071
890.530	4.117
890.830	4.081
891.140	4.171
891.440	4.135
891.750	4.074
892.050	4.050
892.360	4.084
892.660	4.016
892.970	4.014
893.280	3.946
893.580	3.963
893.890	3.908
894.190	3.868
894.500	3.797
894.800	3.863
895.110	3.878
895.410	3.878
895.720	3.736
896.030	3.842
896.330	3.878
896.640	3.828
896.940	3.744
897.250	3.765
897.550	3.752
897.860	3.799
898.170	3.782
898.470	3.819
898.780	3.781
899.080	3.878
899.390	3.837
899.700	3.853
900.000	3.861
900.310	3.967
900.610	3.941
900.920	3.987
901.230	4.004
901.530	4.012
901.840	4.009
902.140	4.069
902.450	4.085
902.760	4.151
903.060	4.109
903.370	4.194
903.670	4.127
903.980	4.159
904.290	4.084
904.590	4.085
904.900	4.083
905.200	4.084
905.510	4.021
905.820	4.008
906.120	3.973
906.430	4.002
906.740	3.964
907.040	3.980
907.350	3.938
907.660	4.018
907.960	3.965
908.270	3.983
908.570	3.982
908.880	4.001
909.190	4.049
909.490	4.006
909.800	3.992
910.110	3.965
910.410	3.978
910.720	4.036
911.030	3.994
911.330	4.038
911.640	3.985
911.950	3.953
912.250	3.969
912.560	3.924
912.870	3.899
913.170	3.917
913.480	3.972
913.790	3.990
914.090	4.013
914.400	4.061
914.710	4.039
915.010	4.078
915.320	4.110
915.630	4.165
915.930	4.155
916.240	4.194
916.550	4.223
916.860	4.230
917.160	4.309
917.470	4.302
917.780	4.285
918.080	4.299
918.390	4.249
918.700	4.256
919.010	4.203
919.310	4.208
919.620	4.203
919.930	4.141
920.230	4.114
920.540	4.011
920.850	3.957
921.160	3.957
921.460	3.930
921.770	4.018
922.080	3.975
922.380	4.030
922.690	4.024
923.000	4.027
923.310	4.053
923.610	4.007
923.920	4.017
924.230	4.026
924.540	4.025
924.840	4.027
925.150	3.919
925.460	3.956
925.770	3.891
926.070	3.933
926.380	3.937
926.690	3.954
927.000	3.964
927.300	3.949
927.610	3.944
927.920	4.005
928.230	3.997
928.530	4.023
928.840	4.050
929.150	4.120
929.460	4.094
929.770	4.110
930.070	4.077
930.380	4.121
930.690	4.107
931.000	4.142
931.300	4.092
931.610	4.117
931.920	4.186
932.230	4.152
932.540	4.104
932.840	4.192
933.150	4.204
933.460	4.279
933.770	4.265
934.080	4.315
934.380	4.324
934.690	4.336
935.000	4.332
935.310	4.340
935.620	4.361
935.920	4.364
936.230	4.318
936.540	4.327
936.850	4.298
937.160	4.282
937.470	4.254
937.770	4.271
938.080	4.269
938.390	4.283
938.700	4.253
939.010	4.276
939.310	4.292
939.620	4.303
939.930	4.249
940.240	4.257
940.550	4.317
940.860	4.376
941.170	4.352
941.470	4.385
941.780	4.376
942.090	4.381
942.400	4.361
942.710	4.366
943.020	4.364
943.330	4.427
943.630	4.414
943.940	4.393
944.250	4.360
944.560	4.354
944.870	4.313
945.180	4.348
945.490	4.368
945.790	4.378
946.100	4.356
946.410	4.375
946.720	4.311
947.030	4.282
947.340	4.244
947.650	4.241
947.960	4.240
948.270	4.265
948.570	4.231
948.880	4.217
949.190	4.183
949.500	4.187
949.810	4.119
950.120	4.156
950.430	4.195
950.740	4.256
951.050	4.187
951.360	4.251
951.660	4.210
951.970	4.212
952.280	4.148
952.590	4.172
952.900	4.155
953.210	4.203
953.520	4.198
953.830	4.173
954.140	4.124
954.450	4.208
954.760	4.127
955.070	4.173
955.370	4.191
955.680	4.244
955.990	4.246
956.300	4.305
956.610	4.267
956.920	4.249
957.230	4.255
957.540	4.283
957.850	4.271
958.160	4.287
958.470	4.249
958.780	4.265
959.090	4.261
959.400	4.283
959.710	4.255
960.020	4.345
960.330	4.333
960.640	4.360
960.950	4.396
961.260	4.402
961.570	4.408
961.880	4.485
962.180	4.472
962.490	4.500
962.800	4.510
963.110	4.539
963.420	4.519
963.730	4.580
964.040	4.590
964.350	4.588
964.660	4.578
964.970	4.619
965.280	4.586
965.590	4.601
965.900	4.592
966.210	4.578
966.520	4.554
966.830	4.548
967.140	4.535
967.450	4.525
967.760	4.540
968.070	4.554
968.380	4.517
968.690	4.514
969.000	4.480
969.310	4.495
969.620	4.495
969.930	4.512
970.240	4.442
970.560	4.443
970.870	4.449
971.180	4.404
971.490	4.402
971.800	4.398
972.110	4.384
972.420	4.423
972.730	4.409
973.040	4.430
973.350	4.403
973.660	4.427
973.970	4.377
974.280	4.334
974.590	4.311
974.900	4.285
975.210	4.269
975.520	4.274
975.830	4.235
976.140	4.214
976.450	4.201
976.760	4.220
977.070	4.235
977.390	4.288
977.700	4.339
978.010	4.367
978.320	4.381
978.630	4.450
978.940	4.422
979.250	4.451
979.560	4.459
979.870	4.444
980.180	4.423
980.490	4.493
980.800	4.462
981.120	4.462
981.430	4.491
981.740	4.496
982.050	4.429
982.360	4.492
982.670	4.488
982.980	4.498
983.290	4.489
983.600	4.508
983.910	4.447
984.230	4.506
984.540	4.481
984.850	4.462
985.160	4.463
985.470	4.477
985.780	4.464
986.090	4.468
986.400	4.483
986.710	4.548
987.030	4.551
987.340	4.598
987.650	4.574
987.960	4.608
988.270	4.619
988.580	4.618
988.890	4.641
989.210	4.652
989.520	4.660
989.830	4.679
990.140	4.636
990.450	4.645
990.760	4.627
991.070	4.618
991.390	4.618
991.700	4.600
992.010	4.609
992.320	4.593
992.630	4.553
992.940	4.559
993.260	4.518
993.570	4.546
993.880	4.562
994.190	4.558
994.500	4.537
994.810	4.536
995.130	4.535
995.440	4.548
995.750	4.526
996.060	4.555
996.370	4.559
996.680	4.596
997.000	4.600
997.310	4.591
997.620	4.564
997.930	4.599
998.240	4.608
998.560	4.632
998.870	4.638
999.180	4.642
999.490	4.627
999.800	4.638
1000.120	4.595
1000.430	4.580
1000.740	4.567
1001.050	4.599
1001.360	4.567
1001.680	4.523
1001.990	4.513
1002.300	4.518
1002.610	4.536
1002.930	4.548
1003.240	4.504
1003.550	4.520
1003.860	4.498
1004.170	4.478
1004.490	4.463
1004.800	4.514
1005.110	4.556
1005.420	4.573
1005.740	4.539
1006.050	4.547
1006.360	4.544
1006.670	4.557
1006.990	4.544
1007.300	4.588
1007.610	4.624
1007.920	4.663
1008.240	4.662
1008.550	4.676
1008.860	4.693
1009.170	4.734
1009.490	4.721
1009.800	4.725
1010.110	4.737
1010.420	4.785
1010.740	4.779
1011.050	4.786
1011.360	4.773
1011.680	4.777
1011.990	4.766
1012.300	4.765
1012.610	4.762
1012.930	4.743
1013.240	4.754
1013.550	4.777
1013.870	4.738
1014.180	4.721
1014.490	4.701
1014.800	4.706
1015.120	4.693
1015.430	4.698
1015.740	4.664
1016.060	4.656
1016.370	4.690
1016.680	4.711
1017.000	4.678
1017.310	4.702
1017.620	4.733
1017.930	4.745
1018.250	4.718
1018.560	4.703
1018.870	4.691
1019.190	4.695
1019.500	4.699
1019.810	4.724
1020.130	4.692
1020.440	4.685
1020.750	4.679
1021.070	4.645
1021.380	4.650
1021.690	4.652
1022.010	4.683
1022.320	4.704
1022.630	4.697
1022.950	4.713
1023.260	4.718
1023.570	4.735
1023.890	4.766
1024.200	4.774
1024.510	4.805
1024.830	4.834
1025.140	4.851
1025.460	4.838
1025.770	4.840
1026.080	4.866
1026.400	4.838
1026.710	4.819
1027.020	4.842
1027.340	4.847
1027.650	4.856
1027.960	4.857
1028.280	4.838
1028.590	4.846
1028.910	4.866
1029.220	4.855
1029.530	4.854
1029.850	4.896
1030.160	4.920
1030.480	4.887
1030.790	4.873
1031.100	4.872
1031.420	4.890
1031.730	4.866
1032.050	4.874
1032.360	4.885
1032.670	4.892
1032.990	4.886
1033.300	4.859
1033.620	4.842
1033.930	4.874
1034.240	4.880
1034.560	4.864
1034.870	4.844
1035.190	4.844
1035.500	4.844
1035.810	4.822
1036.130	4.821
1036.440	4.820
1036.760	4.830
1037.070	4.816
1037.390	4.756
1037.700	4.744
1038.010	4.784
1038.330	4.756
1038.640	4.777
1038.960	4.748
1039.270	4.749
1039.590	4.732
1039.900	4.721
1040.220	4.699
1040.530	4.704
1040.840	4.755
1041.160	4.753
1041.470	4.696
1041.790	4.713
1042.100	4.721
1042.420	4.771
1042.730	4.776
1043.050	4.770
1043.360	4.777
1043.680	4.808
1043.990	4.830
1044.310	4.826
1044.620	4.828
1044.940	4.855
1045.250	4.852
1045.560	4.854
1045.880	4.810
1046.190	4.807
1046.510	4.831
1046.820	4.855
1047.140	4.822
1047.450	4.828
1047.770	4.816
1048.080	4.825
1048.400	4.815
1048.710	4.833
1049.030	4.816
1049.340	4.833
1049.660	4.821
1049.970	4.820
1050.290	4.792
1050.600	4.788
1050.920	4.755
1051.230	4.776
1051.550	4.782
1051.860	4.776
1052.180	4.764
1052.500	4.783
1052.810	4.796
1053.130	4.806
1053.440	4.781
1053.760	4.807
1054.070	4.832
1054.390	4.849
1054.700	4.852
1055.020	4.840
1055.330	4.855
1055.650	4.861
1055.960	4.849
1056.280	4.841
1056.590	4.837
1056.910	4.854
1057.230	4.835
1057.540	4.848
1057.860	4.846
1058.170	4.890
1058.490	4.888
1058.800	4.894
1059.120	4.897
1059.440	4.904
1059.750	4.890
1060.070	4.928
1060.380	4.938
1060.700	4.956
1061.010	4.947
1061.330	4.944
1061.650	4.891
1061.960	4.902
1062.280	4.882
1062.590	4.876
1062.910	4.874
1063.220	4.889
1063.540	4.851
1063.860	4.839
1064.170	4.798
1064.490	4.790
1064.800	4.800
1065.120	4.834
1065.440	4.827
1065.750	4.852
1066.070	4.844
1066.380	4.847
1066.700	4.853
1067.020	4.844
1067.330	4.839
1067.650	4.859
1067.960	4.860
1068.280	4.864
1068.600	4.822
1068.910	4.831
1069.230	4.816
1069.550	4.828
1069.860	4.811
1070.180	4.819
1070.490	4.836
1070.810	4.854
1071.130	4.845
1071.440	4.853
1071.760	4.850
1072.080	4.845
1072.390	4.848
1072.710	4.865
1073.030	4.860
1073.340	4.876
1073.660	4.867
1073.970	4.863
1074.290	4.870
1074.610	4.880
1074.920	4.871
1075.240	4.867
1075.560	4.871
1075.870	4.841
1076.190	4.809
1076.510	4.811
1076.820	4.810
1077.140	4.806
1077.460	4.804
1077.770	4.801
1078.090	4.809
1078.410	4.840
1078.720	4.818
1079.040	4.830
1079.360	4.860
1079.680	4.872
1079.990	4.865
1080.310	4.875
1080.630	4.870
1080.940	4.862
1081.260	4.835
1081.580	4.833
1081.890	4.813
1082.210	4.823
1082.530	4.801
1082.840	4.813
1083.160	4.807
1083.480	4.809
1083.800	4.812
1084.110	4.807
1084.430	4.814
1084.750	4.830
1085.060	4.805
1085.380	4.831
1085.700	4.853
1086.020	4.869
1086.330	4.866
1086.650	4.879
1086.970	4.870
1087.290	4.823
1087.600	4.826
1087.920	4.866
1088.240	4.839
1088.550	4.845
1088.870	4.808
1089.190	4.789
1089.510	4.770
1089.820	4.762
1090.140	4.728
1090.460	4.735
1090.780	4.764
1091.090	4.765
1091.410	4.733
1091.730	4.754
1092.050	4.743
1092.360	4.744
1092.680	4.723
1093.000	4.754
1093.320	4.738
1093.640	4.772
1093.950	4.763
1094.270	4.783
1094.590	4.796
1094.910	4.783
1095.220	4.777
1095.540	4.794
1095.860	4.783
1096.180	4.789
1096.500	4.749
1096.810	4.774
1097.130	4.753
1097.450	4.758
1097.770	4.732
1098.090	4.719
1098.400	4.716
1098.720	4.714
1099.040	4.715
1099.360	4.766
1099.680	4.782
1099.990	4.816
1100.310	4.798
1100.630	4.832
1100.950	4.830
1101.270	4.826
1101.580	4.837
1101.900	4.855
1102.220	4.868
1102.540	4.869
1102.860	4.849
1103.180	4.853
1103.490	4.848
1103.810	4.837
1104.130	4.830
1104.450	4.845
1104.770	4.846
1105.080	4.836
1105.400	4.829
1105.720	4.839
1106.040	4.823
1106.360	4.810
1106.680	4.773
1107.000	4.780
1107.310	4.798
1107.630	4.784
1107.950	4.775
1108.270	4.804
1108.590	4.810
1108.910	4.811
1109.230	4.820
1109.540	4.824
1109.860	4.816
1110.180	4.853
1110.500	4.841
1110.820	4.868
1111.140	4.851
1111.460	4.847
1111.780	4.829
1112.090	4.812
1112.410	4.789
1112.730	4.773
1113.050	4.755
1113.370	4.746
1113.690	4.704
1114.010	4.712
1114.330	4.671
1114.640	4.697
1114.960	4.702
1115.280	4.719
1115.600	4.737
1115.920	4.785
1116.240	4.766
1116.560	4.785
1116.880	4.787
1117.200	4.812
1117.520	4.797
1117.840	4.813
1118.150	4.807
1118.470	4.822
1118.790	4.787
1119.110	4.800
1119.430	4.768
1119.750	4.787
1120.070	4.790
1120.390	4.804
1120.710	4.830
1121.030	4.871
1121.350	4.846
1121.670	4.837
1121.990	4.832
1122.300	4.845
1122.620	4.812
1122.940	4.835
1123.260	4.827
1123.580	4.864
1123.900	4.858
1124.220	4.832
1124.540	4.826
1124.860	4.870
1125.180	4.877
1125.500	4.871
1125.820	4.882
1126.140	4.908
1126.460	4.901
1126.780	4.917
1127.100	4.900
1127.420	4.921
1127.740	4.917
1128.060	4.915
1128.380	4.876
1128.700	4.884
1129.020	4.877
1129.340	4.898
1129.660	4.886
1129.980	4.889
1130.300	4.878
1130.620	4.894
1130.940	4.870
1131.260	4.896
1131.580	4.897
1131.900	4.910
1132.220	4.906
1132.540	4.920
1132.860	4.910
1133.180	4.922
1133.500	4.922
1133.820	4.952
1134.140	4.923
1134.460	4.970
1134.780	4.957
1135.100	4.952
1135.420	4.963
1135.740	4.971
1136.060	4.987
1136.380	4.983
1136.700	4.953
1137.020	4.946
1137.340	4.937
1137.660	4.987
1137.980	4.931
1138.300	4.939
1138.620	4.934
1138.940	4.922
1139.260	4.921
1139.580	4.925
1139.900	4.907
1140.220	4.946
1140.540	4.944
1140.860	4.939
1141.180	4.888
1141.500	4.940
1141.820	4.953
1142.140	4.979
1142.460	4.981
1142.790	4.948
1143.110	4.935
1143.430	4.957
1143.750	4.924
1144.070	4.926
1144.390	4.903
1144.710	4.922
1145.030	4.890
1145.350	4.875
1145.670	4.844
1145.990	4.832
1146.310	4.847
1146.630	4.843
1146.960	4.822
1147.280	4.862
1147.600	4.826
1147.920	4.831
1148.240	4.789
1148.560	4.811
1148.880	4.788
1149.200	4.790
1149.520	4.837
1149.840	4.851
1150.160	4.815
1150.490	4.843
1150.810	4.814
1151.130	4.859
1151.450	4.846
1151.770	4.875
1152.090	4.843
1152.410	4.847
1152.730	4.826
1153.050	4.803
1153.380	4.792
1153.700	4.809
1154.020	4.767
1154.340	4.764
1154.660	4.745
1154.980	4.773
1155.300	4.756
1155.630	4.775
1155.950	4.776
1156.270	4.810
1156.590	4.789
1156.910	4.798
1157.230	4.815
1157.550	4.838
1157.880	4.821
1158.200	4.825
1158.520	4.811
1158.840	4.824
1159.160	4.810
1159.480	4.837
1159.800	4.792
1160.130	4.787
1160.450	4.774
1160.770	4.752
1161.090	4.758
1161.410	4.799
1161.730	4.795
1162.060	4.795
1162.380	4.808
1162.700	4.826
1163.020	4.801
1163.340	4.833
1163.670	4.818
1163.990	4.841
1164.310	4.845
1164.630	4.857
1164.950	4.854
1165.270	4.859
1165.600	4.850
1165.920	4.856
1166.240	4.850
1166.560	4.859
1166.880	4.893
1167.210	4.946
1167.530	4.935
1167.850	4.976
1168.170	4.969
1168.500	4.960
1168.820	4.963
1169.140	4.990
1169.460	4.959
1169.780	4.971
1170.110	4.981
1170.430	4.951
1170.750	4.917
1171.070	4.920
1171.400	4.880
1171.720	4.874
1172.040	4.835
1172.360	4.846
1172.680	4.814
1173.010	4.813
1173.330	4.777
1173.650	4.776
1173.970	4.751
1174.300	4.771
1174.620	4.764
1174.940	4.806
1175.260	4.787
1175.590	4.831
1175.910	4.789
1176.230	4.806
1176.550	4.809
1176.880	4.823
1177.200	4.809
1177.520	4.839
1177.840	4.812
1178.170	4.834
1178.490	4.783
1178.810	4.783
1179.140	4.771
1179.460	4.827
1179.780	4.812
1180.100	4.825
1180.430	4.806
1180.750	4.830
1181.070	4.847
1181.400	4.878
1181.720	4.865
1182.040	4.894
1182.360	4.917
1182.690	4.928
1183.010	4.907
1183.330	4.927
1183.660	4.937
1183.980	4.980
1184.300	4.953
1184.630	4.936
1184.950	4.936
1185.270	4.949
1185.590	4.947
1185.920	4.942
1186.240	4.932
1186.560	4.917
1186.890	4.903
1187.210	4.883
1187.530	4.826
1187.860	4.850
1188.180	4.831
1188.500	4.786
1188.830	4.752
1189.150	4.717
1189.470	4.690
1189.800	4.679
1190.120	4.675
1190.440	4.679
1190.770	4.674
1191.090	4.708
1191.410	4.673
1191.740	4.673
1192.060	4.690
1192.380	4.710
1192.710	4.709
1193.030	4.728
1193.360	4.732
1193.680	4.745
1194.000	4.726
1194.330	4.737
1194.650	4.722
1194.970	4.731
1195.300	4.702
1195.620	4.713
1195.940	4.685
1196.270	4.705
1196.590	4.689
1196.920	4.693
1197.240	4.667
1197.560	4.670
1197.890	4.665
1198.210	4.701
1198.540	4.675
1198.860	4.702
1199.180	4.679
1199.510	4.721
1199.830	4.675
1200.150	4.699
1200.480	4.679
1200.800	4.704
1201.130	4.698
1201.450	4.678
1201.780	4.622
1202.100	4.631
1202.420	4.614
1202.750	4.623
1203.070	4.559
1203.400	4.594
1203.720	4.559
1204.040	4.547
1204.370	4.543
1204.690	4.562
1205.020	4.577
1205.340	4.588
1205.670	4.609
1205.990	4.628
1206.310	4.640
1206.640	4.658
1206.960	4.669
1207.290	4.731
1207.610	4.742
1207.940	4.738
1208.260	4.734
1208.590	4.756
1208.910	4.769
1209.230	4.761
1209.560	4.748
1209.880	4.734
1210.210	4.746
1210.530	4.766
1210.860	4.705
1211.180	4.732
1211.510	4.736
1211.830	4.768
1212.160	4.748
1212.480	4.742
1212.800	4.735
1213.130	4.766
1213.450	4.764
1213.780	4.799
1214.100	4.782
1214.430	4.796
1214.750	4.771
1215.080	4.769
1215.400	4.735
1215.730	4.739
1216.050	4.746
1216.380	4.770
1216.700	4.747
1217.030	4.758
1217.350	4.698
1217.680	4.708
1218.000	4.694
1218.330	4.714
1218.650	4.686
1218.980	4.695
1219.300	4.692
1219.630	4.670
1219.950	4.671
1220.280	4.682
1220.600	4.645
1220.930	4.688
1221.250	4.670
1221.580	4.661
1221.900	4.627
1222.230	4.673
1222.560	4.659
1222.880	4.661
1223.210	4.673
1223.530	4.645
1223.860	4.630
1224.180	4.671
1224.510	4.642
1224.830	4.637
1225.160	4.675
1225.480	4.699
1225.810	4.664
1226.130	4.669
1226.460	4.662
1226.790	4.700
1227.110	4.687
1227.440	4.727
1227.760	4.714
1228.090	4.755
1228.410	4.760
1228.740	4.754
1229.060	4.773
1229.390	4.821
1229.720	4.832
1230.040	4.850
1230.370	4.829
1230.690	4.865
1231.020	4.840
1231.350	4.859
1231.670	4.804
1232.000	4.814
1232.320	4.820
1232.650	4.839
1232.970	4.804
1233.300	4.800
1233.630	4.799
1233.950	4.809
1234.280	4.809
1234.600	4.811
1234.930	4.804
1235.260	4.831
1235.580	4.845
1235.910	4.847
1236.230	4.814
1236.560	4.836
1236.890	4.826
1237.210	4.834
1237.540	4.811
1237.870	4.804
1238.190	4.797
1238.520	4.857
1238.840	4.850
1239.170	4.851
1239.500	4.825
1239.820	4.851
1240.150	4.821
1240.480	4.832
1240.800	4.813
1241.130	4.860
1241.450	4.862
1241.780	4.867
1242.110	4.815
1242.430	4.839
1242.760	4.840
1243.090	4.893
1243.410	4.871
1243.740	4.910
1244.070	4.903
1244.390	4.903
1244.720	4.885
1245.050	4.913
1245.370	4.915
1245.700	4.925
1246.030	4.918
1246.350	4.917
1246.680	4.887
1247.010	4.879
1247.330	4.843
1247.660	4.864
1247.990	4.871
1248.310	4.875
1248.640	4.833
1248.970	4.874
1249.290	4.847
1249.620	4.836
1249.950	4.828
1250.270	4.819
1250.600	4.807
1250.930	4.830
1251.250	4.826
1251.580	4.846
1251.910	4.828
1252.240	4.838
1252.560	4.789
1252.890	4.805
1253.220	4.806
1253.540	4.798
1253.870	4.812
1254.200	4.845
1254.530	4.842
1254.850	4.820
1255.180	4.780
1255.510	4.785
1255.830	4.800
1256.160	4.807
1256.490	4.783
1256.820	4.778
1257.140	4.775
1257.470	4.721
1257.800	4.689
1258.120	4.679
1258.450	4.676
1258.780	4.690
1259.110	4.661
1259.430	4.629
1259.760	4.605
1260.090	4.593
1260.420	4.576
1260.740	4.564
1261.070	4.574
1261.400	4.537
1261.730	4.515
1262.050	4.506
1262.380	4.479
1262.710	4.470
1263.040	4.448
1263.370	4.446
1263.690	4.456
1264.020	4.446
1264.350	4.411
1264.680	4.415
