194.150	4.280
194.410	4.316
194.670	4.337
194.930	4.239
195.190	4.318
195.450	4.268
195.700	4.346
195.960	4.266
196.220	4.278
196.480	4.243
196.740	4.204
197.000	4.214
197.260	4.303
197.520	4.255
197.770	4.272
198.030	4.218
198.290	4.243
198.550	4.157
198.810	4.202
199.070	4.199
199.330	4.206
199.590	4.214
199.850	4.147
200.100	4.002
200.360	4.051
200.620	3.976
200.880	3.987
201.140	3.955
201.400	4.018
201.660	3.960
201.920	3.896
202.180	3.949
202.440	3.970
202.690	3.970
202.950	4.028
203.210	3.954
203.470	4.016
203.730	4.004
203.990	4.068
204.250	3.979
204.510	4.173
204.770	4.186
205.030	4.143
205.290	4.113
205.550	4.164
205.810	4.137
206.070	4.153
206.320	4.135
206.580	4.164
206.840	4.126
207.100	4.124
207.360	3.919
207.620	3.939
207.880	3.914
208.140	3.906
208.400	3.821
208.660	3.855
208.920	3.900
209.180	3.916
209.440	3.913
209.700	3.906
209.960	3.920
210.220	4.001
210.480	3.927
210.740	3.975
211.000	3.953
211.260	3.996
211.520	3.942
211.780	3.930
212.040	3.895
212.300	3.890
212.560	3.856
212.820	3.890
213.080	3.796
213.340	3.878
213.600	3.769
213.860	3.843
214.120	3.784
214.380	3.817
214.640	3.756
214.900	3.847
215.160	3.822
215.420	3.947
215.680	3.933
215.940	4.045
216.200	4.030
216.460	4.111
216.720	4.074
216.980	4.203
217.240	4.196
217.500	4.243
217.760	4.210
218.020	4.252
218.280	4.192
218.540	4.245
218.800	4.206
219.060	4.247
219.320	4.244
219.580	4.296
219.840	4.189
220.100	4.231
220.360	4.200
220.620	4.253
220.880	4.189
221.140	4.235
221.400	4.170
221.660	4.208
221.920	4.154
222.180	4.170
222.440	4.145
222.710	4.234
222.970	4.199
223.230	4.284
223.490	4.187
223.750	4.236
224.010	4.173
224.270	4.259
224.530	4.222
224.790	4.288
225.050	4.228
225.310	4.257
225.570	4.195
225.830	4.249
226.100	4.206
226.360	4.272
226.620	4.232
226.880	4.268
227.140	4.210
227.400	4.235
227.660	4.154
227.920	4.208
228.180	4.120
228.440	4.202
228.700	4.136
228.970	4.143
229.230	4.124
229.490	4.164
229.750	4.144
230.010	4.172
230.270	4.122
230.530	4.174
230.790	4.128
231.050	4.118
231.320	3.976
231.580	4.043
231.840	3.970
232.100	3.982
232.360	3.917
232.620	3.952
232.880	3.814
233.150	3.840
233.410	3.707
233.670	3.805
233.930	3.822
234.190	3.967
234.450	3.880
234.710	3.914
234.980	3.899
235.240	3.977
235.500	3.933
235.760	4.010
236.020	3.922
236.280	4.067
236.540	3.960
236.810	4.018
237.070	3.907
237.330	3.996
237.590	3.969
237.850	3.977
238.110	3.881
238.380	3.902
238.640	3.901
238.900	3.994
239.160	3.906
239.420	3.979
239.690	3.950
239.950	4.049
240.210	3.949
240.470	3.978
240.730	3.915
240.990	4.023
241.260	3.991
241.520	4.014
241.780	3.987
242.040	4.093
242.300	4.036
242.570	4.118
242.830	4.079
243.090	4.144
243.350	4.101
243.620	4.118
243.880	4.079
244.140	4.134
244.400	4.122
244.660	4.146
244.930	4.041
245.190	4.135
245.450	4.065
245.710	4.097
245.970	4.050
246.240	4.128
246.500	4.104
246.760	4.102
247.020	4.036
247.290	4.057
247.550	4.013
247.810	4.026
248.070	3.904
248.340	3.956
248.600	3.883
248.860	3.915
249.120	3.853
249.390	3.891
249.650	3.893
249.910	3.967
250.170	3.919
250.440	4.004
250.700	3.968
250.960	4.010
251.220	3.907
251.490	3.969
251.750	3.952
252.010	3.967
252.280	3.969
252.540	3.993
252.800	3.932
253.060	3.973
253.330	3.852
253.590	3.898
253.850	3.889
254.120	3.958
254.380	3.923
254.640	3.980
254.900	3.937
255.170	3.954
255.430	3.908
255.690	3.907
255.960	3.827
256.220	3.896
256.480	3.922
256.750	3.961
257.010	3.905
257.270	3.916
257.530	3.783
257.800	3.865
258.060	3.775
258.320	3.800
258.590	3.752
258.850	3.869
259.110	3.792
259.380	3.774
259.640	3.688
259.900	3.785
260.170	3.715
260.430	3.806
260.690	3.685
260.960	3.822
261.220	3.855
261.480	3.878
261.750	3.861
262.010	3.973
262.270	3.967
262.540	4.019
262.800	3.986
263.060	4.068
263.330	4.053
263.590	4.185
263.860	4.120
264.120	4.092
264.380	4.095
264.650	4.097
264.910	4.045
265.170	4.082
265.440	4.126
265.700	4.153
265.960	4.077
266.230	4.087
266.490	3.973
266.760	4.009
267.020	4.006
267.280	4.024
267.550	4.010
267.810	3.977
268.070	3.906
268.340	3.881
268.600	3.744
268.870	3.770
269.130	3.705
269.390	3.731
269.660	3.649
269.920	3.668
270.190	3.624
270.450	3.547
270.710	3.499
270.980	3.523
271.240	3.345
271.510	3.455
271.770	3.395
272.040	3.430
272.300	3.342
272.560	3.471
272.830	3.307
273.090	3.245
273.360	3.329
273.620	3.530
273.890	3.521
274.150	3.700
274.410	3.702
274.680	3.759
274.940	3.751
275.210	3.811
275.470	3.817
275.740	3.854
276.000	3.898
276.260	3.850
276.530	3.762
276.790	3.765
277.060	3.686
277.320	3.703
277.590	3.610
277.850	3.714
278.120	3.587
278.380	3.528
278.650	3.528
278.910	3.534
279.170	3.511
279.440	3.517
279.700	3.511
279.970	3.492
280.230	3.483
280.500	3.499
280.760	3.393
281.030	3.588
281.290	3.593
281.560	3.611
281.820	3.580
282.090	3.736
282.350	3.810
282.620	3.867
282.880	3.877
283.150	3.906
283.410	3.962
283.680	3.952
283.940	3.952
284.210	3.939
284.470	3.966
284.740	3.937
285.000	3.807
285.270	3.746
285.530	3.679
285.800	3.687
286.060	3.660
286.330	3.689
286.590	3.615
286.860	3.616
287.120	3.601
287.390	3.562
287.650	3.546
287.920	3.584
288.190	3.569
288.450	3.642
288.720	3.614
288.980	3.599
289.250	3.542
289.510	3.590
289.780	3.450
290.040	3.517
290.310	3.573
290.570	3.728
290.840	3.731
291.110	3.729
291.370	3.606
291.640	3.615
291.900	3.599
292.170	3.674
292.430	3.633
292.700	3.728
292.960	3.667
293.230	3.637
293.500	3.499
293.760	3.504
294.030	3.518
294.290	3.647
294.560	3.639
294.820	3.693
295.090	3.476
295.360	3.579
295.620	3.452
295.890	3.569
296.150	3.571
296.420	3.640
296.690	3.576
296.950	3.565
297.220	3.439
297.480	3.477
297.750	3.425
298.020	3.595
298.280	3.564
298.550	3.693
298.810	3.575
299.080	3.610
299.350	3.516
299.610	3.551
299.880	3.500
300.140	3.553
300.410	3.458
300.680	3.464
300.940	3.433
301.210	3.483
301.480	3.345
301.740	3.366
302.010	3.307
302.270	3.424
302.540	3.452
302.810	3.498
303.070	3.452
303.340	3.537
303.610	3.439
303.870	3.453
304.140	3.438
304.410	3.523
304.670	3.567
304.940	3.605
305.210	3.585
305.470	3.641
305.740	3.611
306.000	3.615
306.270	3.581
306.540	3.636
306.800	3.561
307.070	3.524
307.340	3.601
307.600	3.616
307.870	3.498
308.140	3.462
308.410	3.364
308.670	3.477
308.940	3.524
309.210	3.547
309.470	3.519
309.740	3.664
310.010	3.623
310.270	3.542
310.540	3.396
310.810	3.542
311.070	3.544
311.340	3.612
311.610	3.544
311.870	3.529
312.140	3.507
312.410	3.543
312.680	3.418
312.940	3.470
313.210	3.444
313.480	3.539
313.740	3.423
314.010	3.357
314.280	3.102
314.550	2.969
314.810	2.902
315.080	2.912
315.350	2.847
315.610	2.879
315.880	2.647
316.150	2.920
316.420	2.891
316.680	2.868
316.950	3.075
317.220	3.192
317.490	3.278
317.750	3.307
318.020	3.310
318.290	3.341
318.560	3.286
318.820	3.465
319.090	3.297
319.360	3.316
319.630	3.458
319.890	3.489
320.160	3.518
320.430	3.545
320.700	3.404
320.960	3.330
321.230	3.289
321.500	3.334
321.770	3.242
322.040	3.273
322.300	3.274
322.570	3.259
322.840	3.211
323.110	3.311
323.370	3.304
323.640	3.386
323.910	3.382
324.180	3.451
324.450	3.477
324.710	3.478
324.980	3.412
325.250	3.379
325.520	3.271
325.790	3.260
326.050	3.151
326.320	3.167
326.590	3.222
326.860	3.358
327.130	3.265
327.390	3.283
327.660	3.330
327.930	3.442
328.200	3.425
328.470	3.444
328.730	3.408
329.000	3.502
329.270	3.481
329.540	3.509
329.810	3.373
330.080	3.444
330.340	3.406
330.610	3.361
330.880	3.252
331.150	3.404
331.420	3.424
331.690	3.502
331.950	3.384
332.220	3.369
332.490	3.441
332.760	3.604
333.030	3.564
333.300	3.697
333.570	3.716
333.830	3.827
334.100	3.768
334.370	3.776
334.640	3.700
334.910	3.815
335.180	3.856
335.450	3.808
335.710	3.745
335.980	3.816
336.250	3.729
336.520	3.822
336.790	3.787
337.060	3.875
337.330	3.814
337.600	3.853
337.860	3.809
338.130	3.739
338.400	3.770
338.670	3.751
338.940	3.693
339.210	3.736
339.480	3.616
339.750	3.608
340.020	3.398
340.290	3.447
340.550	3.545
340.820	3.576
341.090	3.560
341.360	3.614
341.630	3.702
341.900	3.781
342.170	3.693
342.440	3.736
342.710	3.681
342.980	3.770
343.250	3.816
343.510	3.695
343.780	3.678
344.050	3.738
344.320	3.615
344.590	3.535
344.860	3.438
345.130	3.612
345.400	3.494
345.670	3.557
345.940	3.543
346.210	3.599
346.480	3.607
346.750	3.626
347.020	3.568
347.290	3.659
347.560	3.723
347.830	3.767
348.090	3.683
348.360	3.759
348.630	3.713
348.900	3.756
349.170	3.695
349.440	3.736
349.710	3.632
349.980	3.733
350.250	3.673
350.520	3.714
350.790	3.701
351.060	3.630
351.330	3.662
351.600	3.810
351.870	3.777
352.140	3.740
352.410	3.701
352.680	3.857
352.950	3.790
353.220	3.828
353.490	3.718
353.760	3.613
354.030	3.653
354.300	3.657
354.570	3.486
354.840	3.541
355.110	3.570
355.380	3.589
355.650	3.441
355.920	3.492
356.190	3.453
356.460	3.498
356.730	3.573
357.000	3.593
357.270	3.517
357.540	3.578
357.810	3.493
358.080	3.456
358.350	3.458
358.620	3.494
358.890	3.413
359.160	3.440
359.430	3.400
359.700	3.370
359.970	3.296
360.240	3.375
360.520	3.303
360.790	3.329
361.060	3.373
361.330	3.384
361.600	3.331
361.870	3.381
362.140	3.371
362.410	3.380
362.680	3.457
362.950	3.520
363.220	3.417
363.490	3.499
363.760	3.474
364.030	3.516
364.300	3.434
364.570	3.450
364.840	3.491
365.120	3.517
365.390	3.533
365.660	3.514
365.930	3.482
366.200	3.559
366.470	3.451
366.740	3.523
367.010	3.460
367.280	3.518
367.550	3.535
367.820	3.468
368.100	3.468
368.370	3.493
368.640	3.476
368.910	3.474
369.180	3.452
369.450	3.509
369.720	3.408
369.990	3.518
370.260	3.543
370.530	3.564
370.810	3.553
371.080	3.572
371.350	3.595
371.620	3.602
371.890	3.593
372.160	3.703
372.430	3.753
372.700	3.795
372.980	3.729
373.250	3.764
373.520	3.752
373.790	3.841
374.060	3.772
374.330	3.725
374.600	3.731
374.880	3.768
375.150	3.650
375.420	3.642
375.690	3.618
375.960	3.654
376.230	3.609
376.500	3.650
376.780	3.547
377.050	3.596
377.320	3.619
377.590	3.638
377.860	3.622
378.130	3.669
378.410	3.559
378.680	3.610
378.950	3.530
379.220	3.540
379.490	3.496
379.760	3.580
380.040	3.537
380.310	3.519
380.580	3.472
380.850	3.509
381.120	3.450
381.400	3.604
381.670	3.507
381.940	3.583
382.210	3.560
382.480	3.638
382.760	3.565
383.030	3.674
383.300	3.635
383.570	3.721
383.840	3.660
384.120	3.801
384.390	3.716
384.660	3.797
384.930	3.726
385.200	3.829
385.480	3.708
385.750	3.747
386.020	3.676
386.290	3.750
386.570	3.689
386.840	3.750
387.110	3.642
387.380	3.702
387.650	3.699
387.930	3.818
388.200	3.723
388.470	3.785
388.740	3.773
389.020	3.864
389.290	3.925
389.560	4.021
389.830	4.116
390.110	4.213
390.380	4.274
390.650	4.407
390.920	4.501
391.200	4.616
391.470	4.717
391.740	4.839
392.010	4.915
392.290	4.980
392.560	5.048
392.830	5.111
393.110	5.186
393.380	5.275
393.650	5.339
393.920	5.395
394.200	5.459
394.470	5.503
394.740	5.557
395.020	5.606
395.290	5.654
395.560	5.710
395.830	5.758
396.110	5.796
396.380	5.831
396.650	5.863
396.930	5.893
397.200	5.919
397.470	5.963
397.740	5.984
398.020	6.014
398.290	6.041
398.560	6.062
398.840	6.085
399.110	6.102
399.380	6.126
399.660	6.141
399.930	6.167
400.200	6.187
400.480	6.210
400.750	6.231
401.020	6.251
401.300	6.263
401.570	6.280
401.840	6.288
402.120	6.309
402.390	6.318
402.660	6.335
402.940	6.338
403.210	6.349
403.480	6.350
403.760	6.361
404.030	6.365
404.300	6.379
404.580	6.388
404.850	6.403
405.120	6.407
405.400	6.413
405.670	6.419
405.940	6.433
406.220	6.441
406.490	6.451
406.770	6.454
407.040	6.468
407.310	6.469
407.590	6.477
407.860	6.483
408.130	6.495
408.410	6.502
408.680	6.510
408.960	6.512
409.230	6.519
409.500	6.524
409.780	6.534
410.050	6.533
410.320	6.544
410.600	6.544
410.870	6.551
411.150	6.555
411.420	6.566
411.690	6.569
411.970	6.581
412.240	6.585
412.520	6.592
412.790	6.595
413.060	6.603
413.340	6.607
413.610	6.618
413.890	6.621
414.160	6.625
414.440	6.624
414.710	6.628
414.980	6.627
415.260	6.632
415.530	6.631
415.810	6.637
416.080	6.639
416.360	6.641
416.630	6.638
416.900	6.640
417.180	6.638
417.450	6.645
417.730	6.648
418.000	6.654
418.280	6.652
418.550	6.655
418.830	6.654
419.100	6.661
419.370	6.669
419.650	6.674
419.920	6.676
420.200	6.683
420.470	6.684
420.750	6.689
421.020	6.689
421.300	6.697
421.570	6.701
421.850	6.707
422.120	6.706
422.400	6.710
422.670	6.715
422.940	6.722
423.220	6.725
423.490	6.732
423.770	6.732
424.040	6.734
424.320	6.734
424.590	6.740
424.870	6.743
425.140	6.748
425.420	6.750
425.690	6.755
425.970	6.754
426.240	6.760
426.520	6.761
426.790	6.771
427.070	6.778
427.340	6.787
427.620	6.791
427.890	6.799
428.170	6.806
428.440	6.813
428.720	6.815
428.990	6.823
429.270	6.826
429.550	6.835
429.820	6.835
430.100	6.840
430.370	6.845
430.650	6.854
430.920	6.859
431.200	6.864
431.470	6.868
431.750	6.877
432.020	6.882
432.300	6.886
432.570	6.886
432.850	6.892
433.120	6.890
433.400	6.893
433.680	6.891
433.950	6.890
434.230	6.888
434.500	6.889
434.780	6.890
435.050	6.892
435.330	6.897
435.610	6.904
435.880	6.910
436.160	6.919
436.430	6.923
436.710	6.931
436.980	6.935
437.260	6.939
437.540	6.945
437.810	6.953
438.090	6.959
438.360	6.965
438.640	6.967
438.910	6.974
439.190	6.976
439.470	6.981
439.740	6.989
440.020	6.999
440.290	7.006
440.570	7.014
440.850	7.015
441.120	7.020
441.400	7.021
441.670	7.028
441.950	7.033
442.230	7.043
442.500	7.047
442.780	7.044
443.050	7.046
443.330	7.056
443.610	7.057
443.880	7.064
444.160	7.067
444.440	7.075
444.710	7.076
444.990	7.080
445.260	7.083
445.540	7.085
445.820	7.090
446.090	7.095
446.370	7.094
446.650	7.099
446.920	7.100
447.200	7.102
447.480	7.099
447.750	7.105
448.030	7.103
448.310	7.099
448.580	7.100
448.860	7.100
449.140	7.097
449.410	7.095
449.690	7.089
449.960	7.090
450.240	7.088
450.520	7.093
450.790	7.090
451.070	7.092
451.350	7.098
451.630	7.101
451.900	7.106
452.180	7.109
452.460	7.116
452.730	7.123
453.010	7.126
453.290	7.136
453.560	7.137
453.840	7.147
454.120	7.153
454.390	7.158
454.670	7.163
454.950	7.165
455.220	7.169
455.500	7.174
455.780	7.177
456.060	7.181
456.330	7.178
456.610	7.180
456.890	7.178
457.160	7.182
457.440	7.182
457.720	7.183
458.000	7.185
458.270	7.186
458.550	7.183
458.830	7.185
459.100	7.185
459.380	7.188
459.660	7.187
459.940	7.189
460.210	7.184
460.490	7.181
460.770	7.179
461.050	7.179
461.320	7.177
461.600	7.178
461.880	7.174
462.160	7.174
462.430	7.173
462.710	7.173
462.990	7.170
463.270	7.168
463.540	7.168
463.820	7.168
464.100	7.163
464.380	7.161
464.650	7.156
464.930	7.158
465.210	7.157
465.490	7.155
465.760	7.151
466.040	7.149
466.320	7.149
466.600	7.149
466.880	7.147
467.150	7.148
467.430	7.147
467.710	7.150
467.990	7.147
468.260	7.146
468.540	7.144
468.820	7.143
469.100	7.143
469.380	7.142
469.650	7.140
469.930	7.140
470.210	7.137
470.490	7.137
470.770	7.132
471.040	7.129
471.320	7.120
471.600	7.117
471.880	7.111
472.160	7.109
472.440	7.102
472.710	7.096
472.990	7.087
473.270	7.082
473.550	7.074
473.830	7.069
474.100	7.061
474.380	7.057
474.660	7.050
474.940	7.044
475.220	7.035
475.500	7.034
475.770	7.027
476.050	7.024
476.330	7.018
476.610	7.016
476.890	7.011
477.170	7.012
477.450	7.008
477.720	7.009
478.000	7.008
478.280	7.007
478.560	7.004
478.840	7.007
479.120	7.008
479.400	7.009
479.670	7.005
479.950	7.008
480.230	7.007
480.510	7.012
480.790	7.009
481.070	7.013
481.350	7.014
481.630	7.012
481.900	7.007
482.180	7.007
482.460	7.002
482.740	7.006
483.020	7.001
483.300	7.001
483.580	6.995
483.860	6.990
484.140	6.978
484.410	6.976
484.690	6.970
484.970	6.964
485.250	6.954
485.530	6.949
485.810	6.938
486.090	6.931
486.370	6.917
486.650	6.910
486.930	6.902
487.210	6.896
487.480	6.883
487.760	6.879
488.040	6.868
488.320	6.860
488.600	6.851
488.880	6.843
489.160	6.830
489.440	6.826
489.720	6.815
490.000	6.807
490.280	6.798
490.560	6.789
490.840	6.776
491.120	6.772
491.400	6.762
491.670	6.755
491.950	6.745
492.230	6.740
492.510	6.727
492.790	6.719
493.070	6.705
493.350	6.700
493.630	6.688
493.910	6.683
494.190	6.671
494.470	6.660
494.750	6.644
495.030	6.633
495.310	6.618
495.590	6.611
495.870	6.597
496.150	6.593
496.430	6.578
496.710	6.569
496.990	6.555
497.270	6.553
497.550	6.545
497.830	6.540
498.110	6.534
498.390	6.532
498.670	6.523
498.950	6.523
499.230	6.520
499.510	6.516
499.790	6.511
500.070	6.509
500.350	6.497
500.630	6.489
500.910	6.482
501.190	6.476
501.470	6.468
501.750	6.463
502.030	6.449
502.310	6.436
502.590	6.420
502.870	6.411
503.150	6.390
503.430	6.375
503.710	6.357
503.990	6.341
504.270	6.317
504.550	6.301
504.830	6.283
505.110	6.265
505.390	6.247
505.670	6.230
505.950	6.207
506.230	6.198
506.510	6.179
506.790	6.170
507.080	6.150
507.360	6.136
507.640	6.114
507.920	6.097
508.200	6.083
508.480	6.066
508.760	6.052
509.040	6.044
509.320	6.026
509.600	6.013
509.880	5.997
510.160	5.987
510.440	5.974
510.720	5.962
511.000	5.946
511.290	5.933
511.570	5.915
511.850	5.903
512.130	5.876
512.410	5.858
512.690	5.835
512.970	5.824
513.250	5.797
513.530	5.785
513.810	5.758
514.090	5.732
514.380	5.706
514.660	5.693
514.940	5.671
515.220	5.650
515.500	5.638
515.780	5.629
516.060	5.595
516.340	5.584
516.620	5.559
516.910	5.546
517.190	5.527
517.470	5.501
517.750	5.473
518.030	5.462
518.310	5.435
518.590	5.404
518.870	5.383
519.160	5.360
519.440	5.331
519.720	5.320
520.000	5.291
520.280	5.275
520.560	5.249
520.840	5.234
521.130	5.191
521.410	5.166
521.690	5.120
521.970	5.079
522.250	5.045
522.530	5.026
522.810	4.950
523.100	4.922
523.380	4.861
523.660	4.813
523.940	4.751
524.220	4.717
524.500	4.685
524.790	4.662
525.070	4.599
525.350	4.561
525.630	4.467
525.910	4.455
526.200	4.372
526.480	4.370
526.760	4.358
527.040	4.371
527.320	4.335
527.600	4.287
527.890	4.277
528.170	4.295
528.450	4.255
528.730	4.262
529.010	4.230
529.300	4.251
529.580	4.203
529.860	4.198
530.140	4.129
530.420	4.089
530.710	4.065
530.990	4.057
531.270	4.043
531.550	4.088
531.840	4.094
532.120	4.069
532.400	4.072
532.680	4.067
532.960	4.098
533.250	4.059
533.530	4.081
533.810	4.096
534.090	4.057
534.380	4.026
534.660	3.995
534.940	3.953
535.220	3.950
535.510	3.898
535.790	3.882
536.070	3.814
536.350	3.840
536.640	3.837
536.920	3.771
537.200	3.795
537.480	3.709
537.770	3.631
538.050	3.639
538.330	3.710
538.610	3.707
538.900	3.772
539.180	3.788
539.460	3.774
539.740	3.735
540.030	3.809
540.310	3.803
540.590	3.963
540.880	3.939
541.160	3.922
541.440	3.849
541.720	3.859
542.010	3.793
542.290	3.762
542.570	3.749
542.860	3.788
543.140	3.724
543.420	3.654
543.700	3.407
543.990	3.515
544.270	3.538
544.550	3.583
544.840	3.531
545.120	3.536
545.400	3.503
545.690	3.580
545.970	3.542
546.250	3.527
546.540	3.495
546.820	3.563
547.100	3.457
547.390	3.384
547.670	3.319
547.950	3.393
548.230	3.370
548.520	3.355
548.800	3.272
549.080	3.272
549.370	3.302
549.650	3.379
549.930	3.368
550.220	3.418
550.500	3.445
550.790	3.500
551.070	3.467
551.350	3.368
551.640	3.418
551.920	3.481
552.200	3.432
552.490	3.456
552.770	3.547
553.050	3.581
553.340	3.568
553.620	3.660
553.900	3.618
554.190	3.727
554.470	3.780
554.760	3.769
555.040	3.732
555.320	3.786
555.610	3.789
555.890	3.826
556.170	3.795
556.460	3.892
556.740	3.792
557.030	3.860
557.310	3.756
557.590	3.852
557.880	3.872
558.160	3.927
558.450	3.928
558.730	4.000
559.010	3.868
559.300	3.914
559.580	3.826
559.870	3.939
560.150	3.916
560.430	3.984
560.720	3.901
561.000	3.890
561.290	3.883
561.570	3.894
561.850	3.767
562.140	3.824
562.420	3.788
562.710	3.783
562.990	3.721
563.280	3.704
563.560	3.614
563.840	3.596
564.130	3.575
564.410	3.563
564.700	3.476
564.980	3.547
565.270	3.552
565.550	3.593
565.840	3.603
566.120	3.623
566.400	3.675
566.690	3.682
566.970	3.734
567.260	3.752
567.540	3.652
567.830	3.755
568.110	3.821
568.400	3.818
568.680	3.773
568.970	3.833
569.250	3.802
569.540	3.801
569.820	3.802
570.100	3.823
570.390	3.779
570.670	3.859
570.960	3.751
571.240	3.722
571.530	3.736
571.810	3.778
572.100	3.718
572.380	3.767
572.670	3.700
572.950	3.641
573.240	3.645
573.520	3.708
573.810	3.639
574.090	3.702
574.380	3.710
574.660	3.677
574.950	3.665
575.230	3.741
575.520	3.711
575.800	3.760
576.090	3.858
576.370	3.895
576.660	3.891
576.940	3.937
577.230	3.926
577.510	3.925
577.800	3.922
578.090	3.931
578.370	3.826
578.660	3.795
578.940	3.779
579.230	3.818
579.510	3.731
579.800	3.688
580.080	3.643
580.370	3.676
580.650	3.705
580.940	3.714
581.220	3.651
581.510	3.728
581.800	3.708
582.080	3.663
582.370	3.529
582.650	3.643
582.940	3.625
583.220	3.612
583.510	3.469
583.800	3.403
584.080	3.361
584.370	3.395
584.650	3.389
584.940	3.426
585.220	3.437
585.510	3.470
585.800	3.312
586.080	3.344
586.370	3.361
586.650	3.468
586.940	3.418
587.220	3.518
587.510	3.537
587.800	3.515
588.080	3.497
588.370	3.580
588.650	3.593
588.940	3.558
589.230	3.538
589.510	3.523
589.800	3.574
590.080	3.591
590.370	3.562
590.660	3.601
590.940	3.566
591.230	3.595
591.510	3.578
591.800	3.592
592.090	3.566
592.370	3.692
592.660	3.690
592.950	3.660
593.230	3.681
593.520	3.614
593.800	3.516
594.090	3.610
594.380	3.549
594.660	3.503
594.950	3.327
595.240	3.563
595.520	3.378
595.810	3.325
596.100	3.282
596.380	3.271
596.670	3.338
596.960	3.433
597.240	3.382
597.530	3.458
597.820	3.485
598.100	3.662
598.390	3.555
598.680	3.657
598.960	3.691
599.250	3.710
599.540	3.705
599.820	3.731
600.110	3.712
600.400	3.735
600.680	3.697
600.970	3.669
601.260	3.616
601.540	3.571
601.830	3.524
602.120	3.612
602.400	3.651
602.690	3.638
602.980	3.633
603.260	3.636
603.550	3.620
603.840	3.666
604.130	3.652
604.410	3.717
604.700	3.703
604.990	3.692
605.270	3.674
605.560	3.547
605.850	3.567
606.130	3.533
606.420	3.535
606.710	3.513
607.000	3.423
607.280	3.487
607.570	3.354
607.860	3.399
608.150	3.397
608.430	3.320
608.720	3.381
609.010	3.427
609.290	3.423
609.580	3.403
609.870	3.327
610.160	3.431
610.440	3.306
610.730	3.343
611.020	3.377
611.310	3.403
611.590	3.444
611.880	3.483
612.170	3.349
612.460	3.324
612.740	3.267
613.030	3.545
613.320	3.564
613.610	3.707
613.890	3.719
614.180	3.703
614.470	3.756
614.760	3.770
615.050	3.794
615.330	3.886
615.620	3.927
615.910	4.025
616.200	3.868
616.480	3.827
616.770	3.754
617.060	3.846
617.350	3.827
617.640	3.773
617.920	3.767
618.210	3.812
618.500	3.727
618.790	3.699
619.080	3.630
619.360	3.711
619.650	3.721
619.940	3.784
620.230	3.648
620.520	3.759
620.800	3.761
621.090	3.742
621.380	3.641
621.670	3.685
621.960	3.683
622.240	3.657
622.530	3.658
622.820	3.698
623.110	3.646
623.400	3.704
623.690	3.589
623.970	3.682
624.260	3.639
624.550	3.732
624.840	3.683
625.130	3.741
625.420	3.697
625.700	3.624
625.990	3.579
626.280	3.556
626.570	3.510
626.860	3.584
627.150	3.455
627.440	3.520
627.720	3.372
628.010	3.459
628.300	3.314
628.590	3.542
628.880	3.574
629.170	3.627
629.460	3.643
629.740	3.694
630.030	3.629
630.320	3.662
630.610	3.677
630.900	3.777
631.190	3.795
631.480	3.891
631.770	3.829
632.050	3.871
632.340	3.845
632.630	3.867
632.920	3.841
633.210	3.879
633.500	3.893
633.790	3.841
634.080	3.793
634.370	3.763
634.650	3.649
634.940	3.602
635.230	3.529
635.520	3.542
635.810	3.421
636.100	3.337
636.390	3.140
636.680	3.084
636.970	3.054
637.260	3.060
637.550	3.088
637.840	3.227
638.120	3.322
638.410	3.424
638.700	3.409
638.990	3.616
639.280	3.658
639.570	3.706
639.860	3.705
640.150	3.740
640.440	3.675
640.730	3.626
641.020	3.550
641.310	3.525
641.600	3.397
641.890	3.421
642.180	3.289
642.470	3.334
642.750	3.540
643.040	3.596
643.330	3.554
643.620	3.682
643.910	3.735
644.200	3.774
644.490	3.811
644.780	3.852
645.070	3.819
645.360	3.814
645.650	3.819
645.940	3.833
646.230	3.838
646.520	3.924
646.810	3.907
647.100	3.858
647.390	3.815
647.680	3.731
647.970	3.751
648.260	3.827
648.550	3.832
648.840	3.877
649.130	3.758
649.420	3.774
649.710	3.751
650.000	3.732
650.290	3.765
650.580	3.850
650.870	3.894
651.160	3.892
651.450	3.896
651.740	3.875
652.030	3.802
652.320	3.770
652.610	3.744
652.900	3.753
653.190	3.763
653.480	3.787
653.770	3.682
654.060	3.576
654.350	3.631
654.640	3.511
654.930	3.515
655.220	3.523
655.510	3.551
655.800	3.491
656.090	3.434
656.380	3.446
656.680	3.318
656.970	3.437
657.260	3.496
657.550	3.444
657.840	3.443
658.130	3.422
658.420	3.388
658.710	3.410
659.000	3.386
659.290	3.386
659.580	3.296
659.870	3.469
660.160	3.377
660.450	3.384
660.740	3.404
661.030	3.420
661.320	3.424
661.620	3.462
661.910	3.453
662.200	3.479
662.490	3.478
662.780	3.545
663.070	3.436
663.360	3.508
663.650	3.557
663.940	3.563
664.230	3.555
664.520	3.641
664.820	3.724
665.110	3.796
665.400	3.803
665.690	3.845
665.980	3.875
666.270	3.890
666.560	3.954
666.850	3.984
667.140	3.933
667.440	4.015
667.730	3.995
668.020	3.947
668.310	3.882
668.600	3.896
668.890	3.860
669.180	3.889
669.470	3.915
669.770	3.833
670.060	3.822
670.350	3.848
670.640	3.777
670.930	3.766
671.220	3.771
671.510	3.785
671.800	3.731
672.100	3.735
672.390	3.638
672.680	3.567
672.970	3.628
673.260	3.625
673.550	3.598
673.850	3.650
674.140	3.635
674.430	3.585
674.720	3.603
675.010	3.654
675.300	3.663
675.600	3.700
675.890	3.770
676.180	3.789
676.470	3.713
676.760	3.752
677.050	3.680
677.350	3.731
677.640	3.730
677.930	3.721
678.220	3.714
678.510	3.703
678.800	3.655
679.100	3.605
679.390	3.471
679.680	3.542
679.970	3.445
680.260	3.423
680.560	3.334
680.850	3.338
681.140	3.364
681.430	3.338
681.720	3.360
682.020	3.354
682.310	3.442
682.600	3.544
682.890	3.551
683.190	3.625
683.480	3.624
683.770	3.612
684.060	3.579
684.350	3.594
684.650	3.632
684.940	3.659
685.230	3.701
685.520	3.637
685.820	3.615
686.110	3.624
686.400	3.553
686.690	3.586
686.990	3.548
687.280	3.632
687.570	3.597
687.860	3.695
688.160	3.592
688.450	3.505
688.740	3.534
689.030	3.549
689.330	3.415
689.620	3.582
689.910	3.596
690.200	3.730
690.500	3.749
690.790	3.780
691.080	3.691
691.370	3.703
691.670	3.700
691.960	3.699
692.250	3.659
692.550	3.723
692.840	3.590
693.130	3.665
693.420	3.615
693.720	3.607
694.010	3.524
694.300	3.496
694.600	3.481
694.890	3.611
695.180	3.570
695.470	3.610
695.770	3.561
696.060	3.562
696.350	3.489
696.650	3.439
696.940	3.388
697.230	3.463
697.530	3.339
697.820	3.444
698.110	3.334
698.400	3.421
698.700	3.315
698.990	3.321
699.280	3.322
699.580	3.316
699.870	3.299
700.160	3.332
700.460	3.205
700.750	3.441
701.040	3.410
701.340	3.455
701.630	3.461
701.920	3.541
702.220	3.550
702.510	3.629
702.800	3.600
703.100	3.627
703.390	3.571
703.690	3.734
703.980	3.666
704.270	3.664
704.570	3.665
704.860	3.651
705.150	3.646
705.450	3.687
705.740	3.652
706.030	3.686
706.330	3.703
706.620	3.805
706.910	3.729
707.210	3.729
707.500	3.757
707.800	3.773
708.090	3.762
708.380	3.740
708.680	3.730
708.970	3.773
709.270	3.741
709.560	3.773
709.850	3.689
710.150	3.685
710.440	3.645
710.730	3.592
711.030	3.576
711.320	3.585
711.620	3.603
711.910	3.621
712.200	3.523
712.500	3.578
712.790	3.436
713.090	3.444
713.380	3.526
713.680	3.632
713.970	3.602
714.260	3.614
714.560	3.480
714.850	3.447
715.150	3.410
715.440	3.403
715.730	3.303
716.030	3.398
716.320	3.413
716.620	3.245
716.910	3.210
717.210	3.303
717.500	3.152
717.800	3.315
718.090	3.217
718.380	3.231
718.680	3.342
718.970	3.345
719.270	3.311
719.560	3.301
719.860	3.351
720.150	3.379
720.450	3.353
720.740	3.500
721.040	3.426
721.330	3.556
721.620	3.470
721.920	3.409
722.210	3.390
722.510	3.345
722.800	3.339
723.100	3.407
723.390	3.311
723.690	3.408
723.980	3.410
724.280	3.451
724.570	3.392
724.870	3.478
725.160	3.478
725.460	3.563
725.750	3.609
726.050	3.645
726.340	3.565
726.640	3.533
726.930	3.389
727.230	3.306
727.520	3.350
727.820	3.388
728.110	3.336
728.410	3.321
728.700	3.392
729.000	3.490
729.290	3.346
729.590	3.333
729.880	3.439
730.180	3.569
730.470	3.532
730.770	3.456
731.060	3.360
731.360	3.468
731.650	3.494
731.950	3.404
732.240	3.342
732.540	3.510
732.840	3.542
733.130	3.528
733.430	3.493
733.720	3.683
734.020	3.695
734.310	3.764
734.610	3.766
734.900	3.866
735.200	3.871
735.490	3.896
735.790	3.861
736.090	3.930
736.380	3.981
736.680	3.987
736.970	3.877
737.270	3.930
737.560	3.947
737.860	3.934
738.160	3.836
738.450	3.887
738.750	3.792
739.040	3.837
739.340	3.787
739.630	3.749
739.930	3.692
740.230	3.740
740.520	3.699
740.820	3.649
741.110	3.610
741.410	3.626
741.710	3.606
742.000	3.752
742.300	3.658
742.590	3.624
742.890	3.558
743.190	3.641
743.480	3.576
743.780	3.540
744.070	3.546
744.370	3.599
744.670	3.545
744.960	3.496
745.260	3.386
745.550	3.442
745.850	3.362
746.150	3.476
746.440	3.466
746.740	3.551
747.040	3.590
747.330	3.649
747.630	3.609
747.930	3.735
748.220	3.660
748.520	3.687
748.810	3.694
749.110	3.779
749.410	3.696
749.700	3.660
750.000	3.628
750.300	3.632
750.590	3.584
750.890	3.579
751.190	3.407
751.480	3.529
751.780	3.497
752.080	3.521
752.370	3.466
752.670	3.577
752.970	3.562
753.260	3.555
753.560	3.559
753.860	3.637
754.150	3.666
754.450	3.680
754.750	3.704
755.040	3.740
755.340	3.693
755.640	3.685
755.930	3.575
756.230	3.587
756.530	3.596
756.820	3.597
757.120	3.530
757.420	3.522
757.720	3.571
758.010	3.612
758.310	3.491
758.610	3.484
758.900	3.503
759.200	3.565
759.500	3.484
759.790	3.551
760.090	3.519
760.390	3.481
760.690	3.390
760.980	3.408
761.280	3.357
761.580	3.512
761.870	3.562
762.170	3.645
762.470	3.562
762.770	3.623
763.060	3.513
763.360	3.592
763.660	3.671
763.960	3.732
764.250	3.755
764.550	3.755
764.850	3.688
765.150	3.722
765.440	3.715
765.740	3.780
766.040	3.754
766.340	3.835
766.630	3.813
766.930	3.812
767.230	3.875
767.530	3.939
767.820	3.888
768.120	3.962
768.420	3.948
768.720	3.935
769.010	3.936
769.310	4.028
769.610	3.963
769.910	3.921
770.210	3.900
770.500	3.864
770.800	3.834
771.100	3.905
771.400	3.854
771.690	3.896
771.990	3.937
772.290	3.957
772.590	3.864
772.890	3.954
773.180	4.041
773.480	4.060
773.780	4.044
774.080	4.017
774.380	3.995
774.670	4.037
774.970	3.982
775.270	3.963
775.570	3.917
775.870	4.012
776.160	4.007
776.460	3.947
776.760	3.870
777.060	3.878
777.360	3.846
777.660	3.848
777.950	3.705
778.250	3.725
778.550	3.629
778.850	3.637
779.150	3.516
779.450	3.429
779.740	3.463
780.040	3.544
780.340	3.464
780.640	3.510
780.940	3.484
781.240	3.584
781.530	3.535
781.830	3.642
782.130	3.630
782.430	3.692
782.730	3.726
783.030	3.698
783.330	3.727
783.620	3.741
783.920	3.660
784.220	3.727
784.520	3.693
784.820	3.781
785.120	3.710
785.420	3.766
785.720	3.698
786.010	3.677
786.310	3.652
786.610	3.598
786.910	3.616
787.210	3.624
787.510	3.483
787.810	3.455
788.110	3.385
788.400	3.421
788.700	3.312
789.000	3.386
789.300	3.341
789.600	3.471
789.900	3.457
790.200	3.450
790.500	3.501
790.800	3.622
791.100	3.691
791.390	3.711
791.690	3.725
791.990	3.845
792.290	3.837
792.590	3.871
792.890	3.859
793.190	3.892
793.490	3.912
793.790	3.933
794.090	3.892
794.390	3.921
794.690	3.917
794.990	3.920
795.290	3.930
795.580	3.979
795.880	4.013
796.180	4.018
796.480	4.061
796.780	4.085
797.080	4.097
797.380	4.259
797.680	4.233
797.980	4.296
798.280	4.355
798.580	4.349
798.880	4.364
799.180	4.381
799.480	4.395
799.780	4.371
800.080	4.348
800.380	4.357
800.680	4.249
800.980	4.229
801.280	4.173
801.580	4.161
801.880	4.132
802.180	4.252
802.480	4.206
802.780	4.254
803.080	4.210
803.380	4.251
803.670	4.252
803.970	4.257
804.270	4.288
804.570	4.325
804.870	4.310
805.170	4.365
805.470	4.258
805.770	4.300
806.070	4.269
806.370	4.329
806.670	4.334
806.970	4.316
807.280	4.337
807.580	4.372
807.880	4.343
808.180	4.334
808.480	4.302
808.780	4.315
809.080	4.284
809.380	4.286
809.680	4.271
809.980	4.293
810.280	4.314
810.580	4.253
810.880	4.242
811.180	4.314
811.480	4.314
811.780	4.290
812.080	4.253
812.380	4.292
812.680	4.227
812.980	4.247
813.280	4.230
813.580	4.292
813.880	4.323
814.180	4.331
814.480	4.296
814.780	4.350
815.080	4.345
815.390	4.345
815.690	4.322
815.990	4.377
816.290	4.336
816.590	4.359
816.890	4.284
817.190	4.316
817.490	4.289
817.790	4.263
818.090	4.184
818.390	4.198
818.690	4.182
818.990	4.177
819.300	4.112
819.600	4.155
819.900	4.066
820.200	4.086
820.500	4.021
820.800	4.053
821.100	4.004
821.400	3.994
821.700	3.932
822.000	3.992
822.310	3.977
822.610	4.002
822.910	3.975
823.210	4.027
823.510	4.006
823.810	4.008
824.110	3.993
824.410	4.024
824.710	3.979
825.020	4.007
825.320	3.993
825.620	3.999
825.920	3.989
826.220	4.030
826.520	4.015
826.820	3.985
827.120	3.984
827.430	3.995
827.730	3.979
828.030	4.043
828.330	4.084
828.630	4.073
828.930	4.044
829.230	4.070
829.540	4.054
829.840	4.045
830.140	4.056
830.440	4.056
830.740	4.049
831.040	4.083
831.350	4.087
831.650	4.073
831.950	4.103
832.250	4.125
832.550	4.121
832.850	4.150
833.160	4.162
833.460	4.221
833.760	4.242
834.060	4.259
834.360	4.261
834.670	4.270
834.970	4.306
835.270	4.271
835.570	4.279
835.870	4.264
836.170	4.251
836.480	4.240
836.780	4.208
837.080	4.207
837.380	4.198
837.680	4.197
837.990	4.182
838.290	4.192
838.590	4.176
838.890	4.152
839.190	4.161
839.500	4.160
839.800	4.185
840.100	4.216
840.400	4.246
840.710	4.228
841.010	4.212
841.310	4.247
841.610	4.161
841.910	4.172
842.220	4.164
842.520	4.205
842.820	4.157
843.120	4.207
843.430	4.200
843.730	4.182
844.030	4.163
844.330	4.186
844.640	4.166
844.940	4.237
845.240	4.246
845.540	4.310
845.850	4.326
846.150	4.441
846.450	4.431
846.750	4.426
847.060	4.429
847.360	4.473
847.660	4.475
847.960	4.470
848.270	4.444
848.570	4.437
848.870	4.385
849.180	4.363
849.480	4.269
849.780	4.234
850.080	4.232
850.390	4.174
850.690	4.135
850.990	4.095
851.300	4.020
851.600	4.040
851.900	4.007
852.200	3.994
852.510	3.907
852.810	3.927
853.110	3.895
853.420	3.888
853.720	3.906
854.020	3.913
854.330	3.905
854.630	3.997
854.930	3.965
855.230	3.962
855.540	4.033
855.840	4.057
856.140	4.034
856.450	4.079
856.750	4.059
857.050	4.118
857.360	4.087
857.660	4.055
857.960	3.998
858.270	4.085
858.570	4.134
858.870	4.095
859.180	4.116
859.480	4.125
859.780	4.058
860.090	4.125
860.390	4.093
860.690	4.117
861.000	4.163
861.300	4.177
861.600	4.102
861.910	4.115
862.210	4.153
862.520	4.168
862.820	4.130
863.120	4.151
863.430	4.072
863.730	4.085
864.030	4.082
864.340	4.110
864.640	4.123
864.940	4.174
865.250	4.129
865.550	4.127
865.860	4.122
866.160	4.150
866.460	4.196
866.770	4.285
867.070	4.290
867.380	4.319
867.680	4.314
867.980	4.352
868.290	4.319
868.590	4.339
868.900	4.308
869.200	4.298
869.500	4.307
869.810	4.280
870.110	4.241
870.420	4.203
870.720	4.192
871.020	4.178
871.330	4.113
871.630	4.171
871.940	4.183
872.240	4.207
872.540	4.195
872.850	4.210
873.150	4.178
873.460	4.148
873.760	4.184
874.070	4.212
874.370	4.180
874.670	4.245
874.980	4.218
875.280	4.211
875.590	4.210
875.890	4.213
876.200	4.191
876.500	4.278
876.810	4.274
877.110	4.247
877.410	4.188
877.720	4.209
878.020	4.155
878.330	4.099
878.630	4.061
878.940	4.097
879.240	4.102
879.550	4.081
879.850	4.045
880.160	4.088
880.460	4.117
880.770	4.171
881.070	4.162
881.370	4.179
881.680	4.193
881.980	4.224
882.290	4.164
882.590	4.167
882.900	4.174
883.200	4.115
883.510	4.087
883.810	4.079
884.120	4.033
884.420	4.127
884.730	4.135
885.030	4.151
885.340	4.177
885.640	4.243
885.950	4.273
886.250	4.285
886.560	4.378
886.860	4.396
887.170	4.391
887.470	4.409
887.780	4.326
888.080	4.341
888.390	4.373
888.690	4.376
889.000	4.321
889.310	4.303
889.610	4.293
889.920	4.266
890.220	4.229
890.530	4.248
890.830	4.228
891.140	4.287
891.440	4.237
891.750	4.173
892.050	4.115
892.360	4.163
892.660	4.095
892.970	4.089
893.280	4.007
893.580	4.033
893.890	3.983
894.190	3.992
894.500	3.934
894.800	4.009
895.110	3.996
895.410	4.040
895.720	3.911
896.030	4.004
896.330	4.015
896.640	3.994
896.940	3.925
897.250	3.965
897.550	3.956
897.860	3.963
898.170	3.935
898.470	3.990
898.780	3.926
899.080	3.988
899.390	3.955
899.700	3.974
900.000	3.933
900.310	4.012
900.610	3.959
900.920	3.966
901.230	4.020
901.530	4.034
901.840	4.031
902.140	4.095
902.450	4.126
902.760	4.200
903.060	4.174
903.370	4.254
903.670	4.211
903.980	4.279
904.290	4.232
904.590	4.206
904.900	4.231
905.200	4.220
905.510	4.167
905.820	4.168
906.120	4.108
906.430	4.143
906.740	4.129
907.040	4.168
907.350	4.108
907.660	4.191
907.960	4.176
908.270	4.165
908.570	4.175
908.880	4.192
909.190	4.212
909.490	4.207
909.800	4.194
910.110	4.189
910.410	4.176
910.720	4.233
911.030	4.187
911.330	4.215
911.640	4.162
911.950	4.157
912.250	4.163
912.560	4.127
912.870	4.077
913.170	4.080
913.480	4.118
913.790	4.110
914.090	4.136
914.400	4.180
914.710	4.177
915.010	4.206
915.320	4.204
915.630	4.243
915.930	4.231
916.240	4.289
916.550	4.325
916.860	4.340
917.160	4.405
917.470	4.406
917.780	4.387
918.080	4.394
918.390	4.376
918.700	4.396
919.010	4.375
919.310	4.384
919.620	4.379
919.930	4.322
920.230	4.301
920.540	4.256
920.850	4.200
921.160	4.208
921.460	4.169
921.770	4.239
922.080	4.190
922.380	4.227
922.690	4.229
923.000	4.232
923.310	4.270
923.610	4.260
923.920	4.248
924.230	4.276
924.540	4.251
924.840	4.264
925.150	4.162
925.460	4.203
925.770	4.148
926.070	4.202
926.380	4.209
926.690	4.199
927.000	4.158
927.300	4.150
927.610	4.147
927.920	4.232
928.230	4.197
928.530	4.239
928.840	4.271
929.150	4.320
929.460	4.273
929.770	4.259
930.070	4.229
930.380	4.281
930.690	4.237
931.000	4.229
931.300	4.168
931.610	4.229
931.920	4.246
932.230	4.168
932.540	4.148
932.840	4.260
933.150	4.292
933.460	4.360
933.770	4.335
934.080	4.402
934.380	4.406
934.690	4.414
935.000	4.386
935.310	4.410
935.620	4.446
935.920	4.446
936.230	4.394
936.540	4.376
936.850	4.359
937.160	4.347
937.470	4.330
937.770	4.364
938.080	4.362
938.390	4.370
938.700	4.335
939.010	4.351
939.310	4.336
939.620	4.320
939.930	4.294
940.240	4.289
940.550	4.346
940.860	4.388
941.170	4.351
941.470	4.372
941.780	4.368
942.090	4.395
942.400	4.380
942.710	4.402
943.020	4.418
943.330	4.470
943.630	4.445
943.940	4.426
944.250	4.390
944.560	4.406
944.870	4.389
945.180	4.444
945.490	4.452
945.790	4.455
946.100	4.444
946.410	4.434
946.720	4.392
947.030	4.383
947.340	4.368
947.650	4.373
947.960	4.356
948.270	4.373
948.570	4.344
948.880	4.329
949.190	4.305
949.500	4.306
949.810	4.270
950.120	4.291
950.430	4.328
950.740	4.362
951.050	4.313
951.360	4.378
951.660	4.339
951.970	4.304
952.280	4.236
952.590	4.265
952.900	4.231
953.210	4.268
953.520	4.274
953.830	4.266
954.140	4.253
954.450	4.319
954.760	4.223
955.070	4.249
955.370	4.271
955.680	4.325
955.990	4.301
956.300	4.334
956.610	4.309
956.920	4.291
957.230	4.286
957.540	4.298
957.850	4.262
958.160	4.305
958.470	4.303
958.780	4.318
959.090	4.340
959.400	4.378
959.710	4.376
960.020	4.453
960.330	4.436
960.640	4.478
960.950	4.479
961.260	4.507
961.570	4.497
961.880	4.561
962.180	4.533
962.490	4.536
962.800	4.548
963.110	4.552
963.420	4.521
963.730	4.579
964.040	4.557
964.350	4.564
964.660	4.534
964.970	4.557
965.280	4.516
965.590	4.556
965.900	4.549
966.210	4.521
966.520	4.524
966.830	4.532
967.140	4.502
967.450	4.501
967.760	4.509
968.070	4.517
968.380	4.494
968.690	4.501
969.000	4.464
969.310	4.470
969.620	4.472
969.930	4.478
970.240	4.388
970.560	4.370
970.870	4.357
971.180	4.319
971.490	4.340
971.800	4.342
972.110	4.280
972.420	4.299
972.730	4.270
973.040	4.294
973.350	4.265
973.660	4.296
973.970	4.292
974.280	4.258
974.590	4.239
974.900	4.206
975.210	4.181
975.520	4.209
975.830	4.185
976.140	4.176
976.450	4.127
976.760	4.146
977.070	4.148
977.390	4.170
977.700	4.194
978.010	4.237
978.320	4.251
978.630	4.318
978.940	4.305
979.250	4.333
979.560	4.346
979.870	4.359
980.180	4.338
980.490	4.425
980.800	4.402
981.120	4.410
981.430	4.421
981.740	4.409
982.050	4.338
982.360	4.397
982.670	4.403
982.980	4.416
983.290	4.411
983.600	4.433
983.910	4.351
984.230	4.437
984.540	4.431
984.850	4.405
985.160	4.404
985.470	4.415
985.780	4.403
986.090	4.410
986.400	4.413
986.710	4.461
987.030	4.475
987.340	4.535
987.650	4.499
987.960	4.536
988.270	4.558
988.580	4.553
988.890	4.571
989.210	4.570
989.520	4.553
989.830	4.567
990.140	4.520
990.450	4.512
990.760	4.475
991.070	4.457
991.390	4.417
991.700	4.377
992.010	4.381
992.320	4.358
992.630	4.327
992.940	4.354
993.260	4.328
993.570	4.387
993.880	4.406
994.190	4.410
994.500	4.379
994.810	4.385
995.130	4.397
995.440	4.422
995.750	4.409
996.060	4.422
996.370	4.393
996.680	4.401
997.000	4.384
997.310	4.346
997.620	4.303
997.930	4.341
998.240	4.361
998.560	4.387
998.870	4.381
999.180	4.398
999.490	4.396
999.800	4.442
1000.120	4.406
1000.430	4.385
1000.740	4.391
1001.050	4.441
1001.360	4.412
1001.680	4.369
1001.990	4.348
1002.300	4.366
1002.610	4.367
1002.930	4.359
1003.240	4.291
1003.550	4.328
1003.860	4.296
1004.170	4.263
1004.490	4.260
1004.800	4.302
1005.110	4.347
1005.420	4.364
1005.740	4.331
1006.050	4.336
1006.360	4.334
1006.670	4.347
1006.990	4.332
1007.300	4.361
1007.610	4.381
1007.920	4.386
1008.240	4.373
1008.550	4.356
1008.860	4.348
1009.170	4.393
1009.490	4.391
1009.800	4.377
1010.110	4.389
1010.420	4.412
1010.740	4.411
1011.050	4.445
1011.360	4.425
1011.680	4.416
1011.990	4.422
1012.300	4.447
1012.610	4.429
1012.930	4.381
1013.240	4.378
1013.550	4.391
1013.870	4.334
1014.180	4.313
1014.490	4.262
1014.800	4.273
1015.120	4.255
1015.430	4.271
1015.740	4.191
1016.060	4.179
1016.370	4.223
1016.680	4.241
1017.000	4.193
1017.310	4.229
1017.620	4.274
1017.930	4.255
1018.250	4.211
1018.560	4.236
1018.870	4.194
1019.190	4.222
1019.500	4.218
1019.810	4.241
1020.130	4.202
1020.440	4.199
1020.750	4.204
1021.070	4.142
1021.380	4.184
1021.690	4.193
1022.010	4.193
1022.320	4.244
1022.630	4.218
1022.950	4.228
1023.260	4.239
1023.570	4.261
1023.890	4.322
1024.200	4.339
1024.510	4.396
1024.830	4.435
1025.140	4.448
1025.460	4.435
1025.770	4.413
1026.080	4.449
1026.400	4.409
1026.710	4.399
1027.020	4.461
1027.340	4.469
1027.650	4.475
1027.960	4.468
1028.280	4.432
1028.590	4.455
1028.910	4.497
1029.220	4.492
1029.530	4.492
1029.850	4.551
1030.160	4.583
1030.480	4.537
1030.790	4.488
1031.100	4.473
1031.420	4.480
1031.730	4.460
1032.050	4.474
1032.360	4.480
1032.670	4.495
1032.990	4.492
1033.300	4.464
1033.620	4.458
1033.930	4.505
1034.240	4.534
1034.560	4.518
1034.870	4.515
1035.190	4.516
1035.500	4.516
1035.810	4.472
1036.130	4.485
1036.440	4.485
1036.760	4.503
1037.070	4.466
1037.390	4.375
1037.700	4.345
1038.010	4.411
1038.330	4.363
1038.640	4.386
1038.960	4.350
1039.270	4.359
1039.590	4.325
1039.900	4.322
1040.220	4.272
1040.530	4.279
1040.840	4.350
1041.160	4.359
1041.470	4.261
1041.790	4.275
1042.100	4.295
1042.420	4.335
1042.730	4.347
1043.050	4.330
1043.360	4.305
1043.680	4.356
1043.990	4.388
1044.310	4.378
1044.620	4.374
1044.940	4.414
1045.250	4.448
1045.560	4.449
1045.880	4.403
1046.190	4.391
1046.510	4.417
1046.820	4.481
1047.140	4.460
1047.450	4.481
1047.770	4.486
1048.080	4.512
1048.400	4.505
1048.710	4.505
1049.030	4.487
1049.340	4.516
1049.660	4.529
1049.970	4.538
1050.290	4.505
1050.600	4.484
1050.920	4.432
1051.230	4.443
1051.550	4.454
1051.860	4.455
1052.180	4.447
1052.500	4.463
1052.810	4.490
1053.130	4.480
1053.440	4.467
1053.760	4.485
1054.070	4.534
1054.390	4.553
1054.700	4.554
1055.020	4.521
1055.330	4.531
1055.650	4.551
1055.960	4.541
1056.280	4.506
1056.590	4.490
1056.910	4.506
1057.230	4.471
1057.540	4.487
1057.860	4.486
1058.170	4.548
1058.490	4.551
1058.800	4.573
1059.120	4.563
1059.440	4.566
1059.750	4.542
1060.070	4.601
1060.380	4.587
1060.700	4.616
1061.010	4.573
1061.330	4.564
1061.650	4.489
1061.960	4.512
1062.280	4.477
1062.590	4.476
1062.910	4.474
1063.220	4.495
1063.540	4.457
1063.860	4.465
1064.170	4.424
1064.490	4.449
1064.800	4.464
1065.120	4.522
1065.440	4.506
1065.750	4.549
1066.070	4.530
1066.380	4.538
1066.700	4.572
1067.020	4.566
1067.330	4.552
1067.650	4.581
1067.960	4.578
1068.280	4.574
1068.600	4.531
1068.910	4.538
1069.230	4.509
1069.550	4.520
1069.860	4.508
1070.180	4.514
1070.490	4.508
1070.810	4.536
1071.130	4.532
1071.440	4.519
1071.760	4.535
1072.080	4.536
1072.390	4.532
1072.710	4.543
1073.030	4.539
1073.340	4.555
1073.660	4.533
1073.970	4.550
1074.290	4.553
1074.610	4.549
1074.920	4.548
1075.240	4.548
1075.560	4.545
1075.870	4.517
1076.190	4.496
1076.510	4.507
1076.820	4.500
1077.140	4.497
1077.460	4.502
1077.770	4.494
1078.090	4.516
1078.410	4.577
1078.720	4.553
1079.040	4.562
1079.360	4.597
1079.680	4.600
1079.990	4.569
1080.310	4.584
1080.630	4.584
1080.940	4.562
1081.260	4.541
1081.580	4.532
1081.890	4.485
1082.210	4.498
1082.530	4.437
1082.840	4.443
1083.160	4.439
1083.480	4.468
1083.800	4.484
1084.110	4.471
1084.430	4.472
1084.750	4.479
1085.060	4.446
1085.380	4.490
1085.700	4.500
1086.020	4.535
1086.330	4.540
1086.650	4.569
1086.970	4.551
1087.290	4.482
1087.600	4.480
1087.920	4.538
1088.240	4.537
1088.550	4.541
1088.870	4.485
1089.190	4.487
1089.510	4.467
1089.820	4.446
1090.140	4.419
1090.460	4.441
1090.780	4.477
1091.090	4.493
1091.410	4.453
1091.730	4.470
1092.050	4.451
1092.360	4.446
1092.680	4.405
1093.000	4.468
1093.320	4.459
1093.640	4.501
1093.950	4.495
1094.270	4.522
1094.590	4.539
1094.910	4.535
1095.220	4.539
1095.540	4.574
1095.860	4.573
1096.180	4.571
1096.500	4.520
1096.810	4.555
1097.130	4.520
1097.450	4.530
1097.770	4.497
1098.090	4.501
1098.400	4.500
1098.720	4.492
1099.040	4.498
1099.360	4.559
1099.680	4.585
1099.990	4.612
1100.310	4.593
1100.630	4.636
1100.950	4.618
1101.270	4.623
1101.580	4.612
1101.900	4.626
1102.220	4.630
1102.540	4.626
1102.860	4.595
1103.180	4.611
1103.490	4.600
1103.810	4.597
1104.130	4.569
1104.450	4.583
1104.770	4.575
1105.080	4.569
1105.400	4.549
1105.720	4.552
1106.040	4.528
1106.360	4.521
1106.680	4.456
1107.000	4.455
1107.310	4.473
1107.630	4.458
1107.950	4.445
1108.270	4.471
1108.590	4.467
1108.910	4.472
1109.230	4.489
1109.540	4.514
1109.860	4.490
1110.180	4.542
1110.500	4.515
1110.820	4.543
1111.140	4.540
1111.460	4.536
1111.780	4.510
1112.090	4.509
1112.410	4.477
1112.730	4.458
1113.050	4.425
1113.370	4.431
1113.690	4.389
1114.010	4.411
1114.330	4.349
1114.640	4.361
1114.960	4.371
1115.280	4.394
1115.600	4.419
1115.920	4.489
1116.240	4.464
1116.560	4.487
1116.880	4.484
1117.200	4.515
1117.520	4.515
1117.840	4.540
1118.150	4.544
1118.470	4.566
1118.790	4.538
1119.110	4.538
1119.430	4.495
1119.750	4.532
1120.070	4.522
1120.390	4.566
1120.710	4.588
1121.030	4.619
1121.350	4.597
1121.670	4.586
1121.990	4.587
1122.300	4.600
1122.620	4.579
1122.940	4.626
1123.260	4.597
1123.580	4.651
1123.900	4.617
1124.220	4.585
1124.540	4.580
1124.860	4.629
1125.180	4.639
1125.500	4.630
1125.820	4.627
1126.140	4.644
1126.460	4.620
1126.780	4.639
1127.100	4.609
1127.420	4.649
1127.740	4.650
1128.060	4.646
1128.380	4.584
1128.700	4.586
1129.020	4.574
1129.340	4.613
1129.660	4.610
1129.980	4.594
1130.300	4.586
1130.620	4.614
1130.940	4.556
1131.260	4.581
1131.580	4.585
1131.900	4.620
1132.220	4.628
1132.540	4.630
1132.860	4.609
1133.180	4.631
1133.500	4.657
1133.820	4.690
1134.140	4.661
1134.460	4.729
1134.780	4.723
1135.100	4.728
1135.420	4.734
1135.740	4.737
1136.060	4.769
1136.380	4.777
1136.700	4.746
1137.020	4.718
1137.340	4.707
1137.660	4.749
1137.980	4.694
1138.300	4.705
1138.620	4.692
1138.940	4.671
1139.260	4.669
1139.580	4.676
1139.900	4.652
1140.220	4.677
1140.540	4.679
1140.860	4.672
1141.180	4.620
1141.500	4.656
1141.820	4.673
1142.140	4.699
1142.460	4.698
1142.790	4.667
1143.110	4.652
1143.430	4.672
1143.750	4.640
1144.070	4.649
1144.390	4.636
1144.710	4.671
1145.030	4.660
1145.350	4.639
1145.670	4.618
1145.990	4.628
1146.310	4.629
1146.630	4.632
1146.960	4.619
1147.280	4.656
1147.600	4.627
1147.920	4.631
1148.240	4.587
1148.560	4.610
1148.880	4.594
1149.200	4.600
1149.520	4.629
1149.840	4.669
1150.160	4.628
1150.490	4.662
1150.810	4.655
1151.130	4.675
1151.450	4.658
1151.770	4.686
1152.090	4.645
1152.410	4.649
1152.730	4.603
1153.050	4.594
1153.380	4.562
1153.700	4.571
1154.020	4.523
1154.340	4.504
1154.660	4.523
1154.980	4.567
1155.300	4.564
1155.630	4.588
1155.950	4.583
1156.270	4.643
1156.590	4.625
1156.910	4.643
1157.230	4.656
1157.550	4.664
1157.880	4.652
1158.200	4.658
1158.520	4.635
1158.840	4.637
1159.160	4.603
1159.480	4.626
1159.800	4.579
1160.130	4.562
1160.450	4.540
1160.770	4.535
1161.090	4.556
1161.410	4.601
1161.730	4.586
1162.060	4.598
1162.380	4.605
1162.700	4.650
1163.020	4.627
1163.340	4.663
1163.670	4.657
1163.990	4.688
1164.310	4.692
1164.630	4.703
1164.950	4.688
1165.270	4.693
1165.600	4.684
1165.920	4.697
1166.240	4.686
1166.560	4.701
1166.880	4.751
1167.210	4.787
1167.530	4.776
1167.850	4.828
1168.170	4.824
1168.500	4.821
1168.820	4.825
1169.140	4.846
1169.460	4.815
1169.780	4.839
1170.110	4.845
1170.430	4.796
1170.750	4.785
1171.070	4.793
1171.400	4.755
1171.720	4.755
1172.040	4.733
1172.360	4.739
1172.680	4.709
1173.010	4.708
1173.330	4.670
1173.650	4.673
1173.970	4.657
1174.300	4.662
1174.620	4.649
1174.940	4.680
1175.260	4.676
1175.590	4.717
1175.910	4.679
1176.230	4.713
1176.550	4.712
1176.880	4.723
1177.200	4.720
1177.520	4.735
1177.840	4.731
1178.170	4.761
1178.490	4.700
1178.810	4.694
1179.140	4.666
1179.460	4.720
1179.780	4.686
1180.100	4.710
1180.430	4.678
1180.750	4.706
1181.070	4.732
1181.400	4.755
1181.720	4.750
1182.040	4.800
1182.360	4.821
1182.690	4.848
1183.010	4.833
1183.330	4.856
1183.660	4.860
1183.980	4.908
1184.300	4.890
1184.630	4.871
1184.950	4.880
1185.270	4.890
1185.590	4.870
1185.920	4.869
1186.240	4.839
1186.560	4.830
1186.890	4.819
1187.210	4.797
1187.530	4.752
1187.860	4.768
1188.180	4.750
1188.500	4.691
1188.830	4.666
1189.150	4.649
1189.470	4.622
1189.800	4.638
1190.120	4.615
1190.440	4.614
1190.770	4.635
1191.090	4.665
1191.410	4.640
1191.740	4.657
1192.060	4.682
1192.380	4.673
1192.710	4.677
1193.030	4.674
1193.360	4.664
1193.680	4.694
1194.000	4.682
1194.330	4.678
1194.650	4.657
1194.970	4.653
1195.300	4.618
1195.620	4.620
1195.940	4.596
1196.270	4.598
1196.590	4.606
1196.920	4.605
1197.240	4.575
1197.560	4.581
1197.890	4.566
1198.210	4.607
1198.540	4.585
1198.860	4.605
1199.180	4.599
1199.510	4.659
1199.830	4.633
1200.150	4.666
1200.480	4.648
1200.800	4.671
1201.130	4.663
1201.450	4.671
1201.780	4.637
1202.100	4.644
1202.420	4.644
1202.750	4.663
1203.070	4.615
1203.400	4.640
1203.720	4.590
1204.040	4.599
1204.370	4.605
1204.690	4.629
1205.020	4.624
1205.340	4.632
1205.670	4.638
1205.990	4.630
1206.310	4.634
1206.640	4.645
1206.960	4.650
1207.290	4.729
1207.610	4.732
1207.940	4.725
1208.260	4.724
1208.590	4.736
1208.910	4.741
1209.230	4.735
1209.560	4.737
1209.880	4.704
1210.210	4.720
1210.530	4.730
1210.860	4.658
1211.180	4.683
1211.510	4.700
1211.830	4.715
1212.160	4.705
1212.480	4.696
1212.800	4.703
1213.130	4.732
1213.450	4.743
1213.780	4.756
1214.100	4.745
1214.430	4.758
1214.750	4.745
1215.080	4.732
1215.400	4.704
1215.730	4.725
1216.050	4.735
1216.380	4.746
1216.700	4.714
1217.030	4.727
1217.350	4.689
1217.680	4.701
1218.000	4.684
1218.330	4.675
1218.650	4.652
1218.980	4.664
1219.300	4.649
1219.630	4.632
1219.950	4.617
1220.280	4.645
1220.600	4.612
1220.930	4.646
1221.250	4.617
1221.580	4.642
1221.900	4.643
1222.230	4.671
1222.560	4.648
1222.880	4.662
1223.210	4.675
1223.530	4.681
1223.860	4.658
1224.180	4.701
1224.510	4.671
1224.830	4.685
1225.160	4.681
1225.480	4.703
1225.810	4.687
1226.130	4.715
1226.460	4.690
1226.790	4.719
1227.110	4.703
1227.440	4.732
1227.760	4.713
1228.090	4.757
1228.410	4.751
1228.740	4.769
1229.060	4.764
1229.390	4.813
1229.720	4.815
1230.040	4.840
1230.370	4.819
1230.690	4.845
1231.020	4.831
1231.350	4.837
1231.670	4.790
1232.000	4.803
1232.320	4.797
1232.650	4.838
1232.970	4.781
1233.300	4.774
1233.630	4.771
1233.950	4.776
1234.280	4.791
1234.600	4.790
1234.930	4.790
1235.260	4.802
1235.580	4.805
1235.910	4.822
1236.230	4.778
1236.560	4.812
1236.890	4.802
1237.210	4.820
1237.540	4.812
1237.870	4.786
1238.190	4.793
1238.520	4.841
1238.840	4.852
1239.170	4.873
1239.500	4.841
1239.820	4.863
1240.150	4.844
1240.480	4.870
1240.800	4.839
1241.130	4.867
1241.450	4.858
1241.780	4.857
1242.110	4.807
1242.430	4.828
1242.760	4.805
1243.090	4.852
1243.410	4.833
1243.740	4.851
1244.070	4.834
1244.390	4.839
1244.720	4.815
1245.050	4.848
1245.370	4.847
1245.700	4.863
1246.030	4.858
1246.350	4.873
1246.680	4.840
1247.010	4.830
1247.330	4.816
1247.660	4.821
1247.990	4.836
1248.310	4.845
1248.640	4.812
1248.970	4.860
1249.290	4.849
1249.620	4.827
1249.950	4.830
1250.270	4.821
1250.600	4.819
1250.930	4.832
1251.250	4.833
1251.580	4.840
1251.910	4.855
1252.240	4.848
1252.560	4.813
1252.890	4.821
1253.220	4.806
1253.540	4.791
1253.870	4.793
1254.200	4.817
1254.530	4.813
1254.850	4.805
1255.180	4.762
1255.510	4.751
1255.830	4.780
1256.160	4.773
1256.490	4.754
1256.820	4.783
1257.140	4.788
1257.470	4.758
1257.800	4.725
1258.120	4.727
1258.450	4.710
1258.780	4.742
1259.110	4.718
1259.430	4.679
1259.760	4.663
1260.090	4.655
1260.420	4.624
1260.740	4.595
1261.070	4.588
1261.400	4.568
1261.730	4.548
1262.050	4.540
1262.380	4.498
1262.710	4.474
1263.040	4.482
1263.370	4.467
1263.690	4.456
1264.020	4.445
1264.350	4.417
1264.680	4.448
