194.150	4.530
194.410	4.554
194.670	4.579
194.930	4.497
195.190	4.581
195.450	4.563
195.700	4.601
195.960	4.530
196.220	4.553
196.480	4.518
196.740	4.511
197.000	4.522
197.260	4.570
197.520	4.563
197.770	4.570
198.030	4.520
198.290	4.551
198.550	4.513
198.810	4.556
199.070	4.545
199.330	4.563
199.590	4.557
199.850	4.515
200.100	4.461
200.360	4.464
200.620	4.454
200.880	4.477
201.140	4.442
201.400	4.450
201.660	4.413
201.920	4.376
202.180	4.411
202.440	4.426
202.690	4.420
202.950	4.413
203.210	4.377
203.470	4.418
203.730	4.371
203.990	4.421
204.250	4.392
204.510	4.504
204.770	4.534
205.030	4.490
205.290	4.465
205.550	4.508
205.810	4.503
206.070	4.503
206.320	4.497
206.580	4.533
206.840	4.489
207.100	4.495
207.360	4.395
207.620	4.386
207.880	4.383
208.140	4.370
208.400	4.323
208.660	4.343
208.920	4.377
209.180	4.367
209.440	4.363
209.700	4.389
209.960	4.402
210.220	4.430
210.480	4.389
210.740	4.421
211.000	4.390
211.260	4.408
211.520	4.387
211.780	4.378
212.040	4.365
212.300	4.364
212.560	4.327
212.820	4.335
213.080	4.276
213.340	4.316
213.600	4.243
213.860	4.319
214.120	4.303
214.380	4.324
214.640	4.281
214.900	4.339
215.160	4.321
215.420	4.397
215.680	4.381
215.940	4.464
216.200	4.460
216.460	4.512
216.720	4.478
216.980	4.541
217.240	4.530
217.500	4.592
217.760	4.553
218.020	4.585
218.280	4.535
218.540	4.579
218.800	4.536
219.060	4.563
219.320	4.559
219.580	4.597
219.840	4.533
220.100	4.566
220.360	4.531
220.620	4.575
220.880	4.532
221.140	4.591
221.400	4.548
221.660	4.591
221.920	4.569
222.180	4.604
222.440	4.584
222.710	4.643
222.970	4.617
223.230	4.677
223.490	4.624
223.750	4.654
224.010	4.611
224.270	4.679
224.530	4.642
224.790	4.676
225.050	4.631
225.310	4.661
225.570	4.627
225.830	4.685
226.100	4.652
226.360	4.690
226.620	4.670
226.880	4.694
227.140	4.638
227.400	4.666
227.660	4.614
227.920	4.629
228.180	4.578
228.440	4.618
228.700	4.546
228.970	4.537
229.230	4.510
229.490	4.527
229.750	4.490
230.010	4.521
230.270	4.470
230.530	4.485
230.790	4.471
231.050	4.464
231.320	4.385
231.580	4.436
231.840	4.421
232.100	4.460
232.360	4.425
232.620	4.476
232.880	4.383
233.150	4.398
233.410	4.384
233.670	4.435
233.930	4.429
234.190	4.507
234.450	4.476
234.710	4.480
234.980	4.435
235.240	4.480
235.500	4.429
235.760	4.494
236.020	4.452
236.280	4.504
236.540	4.431
236.810	4.481
237.070	4.404
237.330	4.459
237.590	4.436
237.850	4.469
238.110	4.429
238.380	4.430
238.640	4.435
238.900	4.494
239.160	4.436
239.420	4.466
239.690	4.443
239.950	4.494
240.210	4.418
240.470	4.446
240.730	4.397
240.990	4.450
241.260	4.432
241.520	4.433
241.780	4.397
242.040	4.483
242.300	4.443
242.570	4.496
242.830	4.482
243.090	4.528
243.350	4.516
243.620	4.550
243.880	4.547
244.140	4.593
244.400	4.573
244.660	4.612
244.930	4.536
245.190	4.599
245.450	4.527
245.710	4.559
245.970	4.524
246.240	4.560
246.500	4.521
246.760	4.512
247.020	4.482
247.290	4.494
247.550	4.458
247.810	4.487
248.070	4.422
248.340	4.481
248.600	4.402
248.860	4.418
249.120	4.400
249.390	4.418
249.650	4.401
249.910	4.422
250.170	4.375
250.440	4.424
250.700	4.383
250.960	4.418
251.220	4.347
251.490	4.407
251.750	4.367
252.010	4.330
252.280	4.323
252.540	4.325
252.800	4.270
253.060	4.319
253.330	4.234
253.590	4.265
253.850	4.233
254.120	4.277
254.380	4.241
254.640	4.305
254.900	4.311
255.170	4.318
255.430	4.308
255.690	4.340
255.960	4.309
256.220	4.371
256.480	4.386
256.750	4.415
257.010	4.388
257.270	4.406
257.530	4.354
257.800	4.384
258.060	4.356
258.320	4.378
258.590	4.335
258.850	4.400
259.110	4.331
259.380	4.344
259.640	4.294
259.900	4.343
260.170	4.309
260.430	4.353
260.690	4.308
260.960	4.385
261.220	4.385
261.480	4.410
261.750	4.380
262.010	4.439
262.270	4.398
262.540	4.441
262.800	4.410
263.060	4.464
263.330	4.428
263.590	4.491
263.860	4.445
264.120	4.438
264.380	4.448
264.650	4.448
264.910	4.436
265.170	4.483
265.440	4.500
265.700	4.534
265.960	4.483
266.230	4.487
266.490	4.435
266.760	4.448
267.020	4.464
267.280	4.474
267.550	4.469
267.810	4.454
268.070	4.399
268.340	4.378
268.600	4.305
268.870	4.336
269.130	4.335
269.390	4.346
269.660	4.298
269.920	4.282
270.190	4.244
270.450	4.230
270.710	4.175
270.980	4.190
271.240	4.151
271.510	4.160
271.770	4.086
272.040	4.092
272.300	4.050
272.560	4.098
272.830	4.006
273.090	3.991
273.360	3.996
273.620	4.098
273.890	4.133
274.150	4.216
274.410	4.224
274.680	4.280
274.940	4.265
275.210	4.303
275.470	4.331
275.740	4.362
276.000	4.384
276.260	4.364
276.530	4.319
276.790	4.293
277.060	4.224
277.320	4.232
277.590	4.159
277.850	4.230
278.120	4.152
278.380	4.097
278.650	4.108
278.910	4.110
279.170	4.106
279.440	4.111
279.700	4.083
279.970	4.091
280.230	4.097
280.500	4.143
280.760	4.072
281.030	4.184
281.290	4.214
281.560	4.217
281.820	4.204
282.090	4.294
282.350	4.344
282.620	4.401
282.880	4.427
283.150	4.450
283.410	4.482
283.680	4.488
283.940	4.472
284.210	4.459
284.470	4.475
284.740	4.457
285.000	4.396
285.270	4.357
285.530	4.317
285.800	4.323
286.060	4.323
286.330	4.312
286.590	4.278
286.860	4.281
287.120	4.270
287.390	4.244
287.650	4.249
287.920	4.240
288.190	4.239
288.450	4.299
288.720	4.265
288.980	4.239
289.250	4.234
289.510	4.266
289.780	4.203
290.040	4.214
290.310	4.250
290.570	4.305
290.840	4.303
291.110	4.285
291.370	4.185
291.640	4.179
291.900	4.170
292.170	4.180
292.430	4.146
292.700	4.196
292.960	4.161
293.230	4.146
293.500	4.082
293.760	4.079
294.030	4.079
294.290	4.145
294.560	4.137
294.820	4.172
295.090	4.051
295.360	4.094
295.620	4.019
295.890	4.102
296.150	4.078
296.420	4.101
296.690	4.095
296.950	4.142
297.220	4.101
297.480	4.136
297.750	4.100
298.020	4.204
298.280	4.172
298.550	4.227
298.810	4.175
299.080	4.209
299.350	4.179
299.610	4.164
299.880	4.096
300.140	4.102
300.410	4.028
300.680	4.065
300.940	4.030
301.210	4.095
301.480	4.070
301.740	4.073
302.010	4.023
302.270	4.049
302.540	4.081
302.810	4.089
303.070	4.088
303.340	4.131
303.610	4.031
303.870	4.046
304.140	3.999
304.410	4.023
304.670	3.998
304.940	4.027
305.210	4.029
305.470	4.059
305.740	4.038
306.000	4.010
306.270	3.983
306.540	4.058
306.800	3.996
307.070	3.977
307.340	3.989
307.600	4.023
307.870	3.937
308.140	3.921
308.410	3.831
308.670	3.898
308.940	3.939
309.210	3.976
309.470	3.925
309.740	4.014
310.010	3.992
310.270	3.964
310.540	3.877
310.810	3.964
311.070	3.948
311.340	4.011
311.610	3.988
311.870	3.983
312.140	3.961
312.410	3.989
312.680	3.940
312.940	3.946
313.210	3.961
313.480	4.049
313.740	4.001
314.010	3.978
314.280	3.872
314.550	3.853
314.810	3.787
315.080	3.811
315.350	3.818
315.610	3.833
315.880	3.819
316.150	3.882
316.420	3.832
316.680	3.805
316.950	3.891
317.220	3.955
317.490	3.951
317.750	3.980
318.020	3.995
318.290	3.997
318.560	3.974
318.820	4.030
319.090	3.963
319.360	3.973
319.630	4.071
319.890	4.075
320.160	4.063
320.430	4.093
320.700	4.039
320.960	3.998
321.230	4.012
321.500	4.036
321.770	4.007
322.040	4.024
322.300	4.044
322.570	4.003
322.840	3.988
323.110	4.074
323.370	4.074
323.640	4.127
323.910	4.120
324.180	4.136
324.450	4.127
324.710	4.143
324.980	4.127
325.250	4.093
325.520	4.094
325.790	4.119
326.050	4.048
326.320	4.057
326.590	4.092
326.860	4.134
327.130	4.103
327.390	4.143
327.660	4.152
327.930	4.138
328.200	4.165
328.470	4.154
328.730	4.115
329.000	4.137
329.270	4.104
329.540	4.087
329.810	4.050
330.080	4.047
330.340	3.999
330.610	3.959
330.880	3.931
331.150	3.982
331.420	3.976
331.690	3.999
331.950	3.962
332.220	3.976
332.490	4.020
332.760	4.072
333.030	4.066
333.300	4.137
333.570	4.131
333.830	4.227
334.100	4.171
334.370	4.193
334.640	4.171
334.910	4.234
335.180	4.242
335.450	4.207
335.710	4.167
335.980	4.204
336.250	4.162
336.520	4.243
336.790	4.196
337.060	4.256
337.330	4.221
337.600	4.237
337.860	4.206
338.130	4.211
338.400	4.238
338.670	4.239
338.940	4.194
339.210	4.235
339.480	4.158
339.750	4.203
340.020	4.102
340.290	4.156
340.550	4.175
340.820	4.206
341.090	4.153
341.360	4.178
341.630	4.203
341.900	4.266
342.170	4.208
342.440	4.251
342.710	4.176
342.980	4.231
343.250	4.218
343.510	4.180
343.780	4.134
344.050	4.184
344.320	4.118
344.590	4.095
344.860	4.030
345.130	4.094
345.400	4.037
345.670	4.077
345.940	4.081
346.210	4.119
346.480	4.095
346.750	4.148
347.020	4.111
347.290	4.175
347.560	4.202
347.830	4.241
348.090	4.193
348.360	4.217
348.630	4.198
348.900	4.207
349.170	4.178
349.440	4.221
349.710	4.146
349.980	4.189
350.250	4.166
350.520	4.200
350.790	4.198
351.060	4.159
351.330	4.188
351.600	4.271
351.870	4.281
352.140	4.275
352.410	4.243
352.680	4.329
352.950	4.313
353.220	4.304
353.490	4.262
353.760	4.226
354.030	4.265
354.300	4.261
354.570	4.181
354.840	4.176
355.110	4.165
355.380	4.189
355.650	4.122
355.920	4.140
356.190	4.125
356.460	4.103
356.730	4.143
357.000	4.147
357.270	4.118
357.540	4.150
357.810	4.087
358.080	4.083
358.350	4.095
358.620	4.098
358.890	4.055
359.160	4.088
359.430	4.103
359.700	4.056
359.970	4.017
360.240	4.029
360.520	4.003
360.790	4.081
361.060	4.063
361.330	4.070
361.600	4.062
361.870	4.095
362.140	4.065
362.410	4.051
362.680	4.088
362.950	4.134
363.220	4.109
363.490	4.134
363.760	4.076
364.030	4.122
364.300	4.049
364.570	4.048
364.840	4.042
365.120	4.066
365.390	4.077
365.660	4.047
365.930	4.027
366.200	4.020
366.470	3.980
366.740	4.002
367.010	3.942
367.280	3.991
367.550	3.983
367.820	3.960
368.100	3.963
368.370	3.946
368.640	3.926
368.910	3.936
369.180	3.964
369.450	3.956
369.720	3.902
369.990	3.968
370.260	3.983
370.530	4.006
370.810	4.023
371.080	4.016
371.350	4.026
371.620	4.054
371.890	4.041
372.160	4.088
372.430	4.121
372.700	4.144
372.980	4.126
373.250	4.133
373.520	4.131
373.790	4.188
374.060	4.147
374.330	4.158
374.600	4.157
374.880	4.178
375.150	4.124
375.420	4.128
375.690	4.138
375.960	4.132
376.230	4.103
376.500	4.147
376.780	4.069
377.050	4.073
377.320	4.055
377.590	4.054
377.860	4.036
378.130	4.035
378.410	3.967
378.680	3.996
378.950	3.973
379.220	3.994
379.490	3.930
379.760	3.944
380.040	3.938
380.310	3.917
380.580	3.905
380.850	3.903
381.120	3.922
381.400	4.020
381.670	3.958
381.940	3.991
382.210	3.969
382.480	4.054
382.760	4.025
383.030	4.093
383.300	4.091
383.570	4.126
383.840	4.120
384.120	4.154
384.390	4.082
384.660	4.140
384.930	4.080
385.200	4.140
385.480	4.010
385.750	4.046
386.020	3.983
386.290	4.028
386.570	3.986
386.840	3.987
387.110	3.941
387.380	3.992
387.650	3.974
387.930	4.048
388.200	3.974
388.470	3.994
388.740	3.956
389.020	3.963
389.290	3.899
389.560	3.902
389.830	3.876
390.110	3.841
390.380	3.712
390.650	3.746
390.920	3.728
391.200	3.727
391.470	3.791
391.740	3.870
392.010	3.844
392.290	3.845
392.560	3.809
392.830	3.839
393.110	3.879
393.380	3.968
393.650	3.952
393.920	3.926
394.200	3.953
394.470	3.913
394.740	3.896
395.020	3.905
395.290	3.928
395.560	4.016
395.830	4.009
396.110	4.029
396.380	4.051
396.650	4.044
396.930	4.040
397.200	4.045
397.470	4.088
397.740	4.037
398.020	4.088
398.290	4.116
398.560	4.077
398.840	4.112
399.110	4.068
399.380	4.081
399.660	4.048
399.930	4.087
400.200	4.102
400.480	4.135
400.750	4.168
401.020	4.173
401.300	4.135
401.570	4.156
401.840	4.090
402.120	4.110
402.390	4.047
402.660	4.079
402.940	3.996
403.210	3.958
403.480	3.836
403.760	3.814
404.030	3.670
404.300	3.679
404.580	3.620
404.850	3.693
405.120	3.683
405.400	3.715
405.670	3.695
405.940	3.780
406.220	3.776
406.490	3.806
406.770	3.790
407.040	3.989
407.310	3.994
407.590	4.050
407.860	4.052
408.130	4.132
408.410	4.110
408.680	4.122
408.960	4.097
409.230	4.118
409.500	4.155
409.780	4.208
410.050	4.112
410.320	4.119
410.600	4.019
410.870	4.039
411.150	3.934
411.420	4.021
411.690	4.002
411.970	4.085
412.240	4.074
412.520	4.078
412.790	4.068
413.060	4.079
413.340	4.093
413.610	4.195
413.890	4.181
414.160	4.233
414.440	4.188
414.710	4.207
414.980	4.164
415.260	4.191
415.530	4.161
415.810	4.186
416.080	4.196
416.360	4.216
416.630	4.161
416.900	4.184
417.180	4.120
417.450	4.158
417.730	4.151
418.000	4.159
418.280	4.088
418.550	4.100
418.830	4.018
419.100	4.048
419.370	4.023
419.650	4.013
419.920	3.968
420.200	4.006
420.470	3.945
420.750	3.958
421.020	3.925
421.300	3.987
421.570	3.964
421.850	4.035
422.120	3.961
422.400	4.010
422.670	4.031
422.940	4.093
423.220	4.072
423.490	4.130
423.770	4.116
424.040	4.100
424.320	4.069
424.590	4.089
424.870	4.044
425.140	4.071
425.420	4.019
425.690	4.043
425.970	3.985
426.240	4.061
426.520	3.991
426.790	4.018
427.070	3.980
427.340	3.965
427.620	3.936
427.890	3.978
428.170	3.982
428.440	3.999
428.720	3.927
428.990	3.917
429.270	3.862
429.550	3.889
429.820	3.794
430.100	3.860
430.370	3.951
430.650	4.065
430.920	4.065
431.200	4.068
431.470	4.057
431.750	4.101
432.020	4.142
432.300	4.143
432.570	4.139
432.850	4.161
433.120	4.128
433.400	4.137
433.680	4.061
433.950	3.992
434.230	3.960
434.500	3.997
434.780	4.009
435.050	3.972
435.330	3.996
435.610	4.062
435.880	4.072
436.160	4.173
436.430	4.174
436.710	4.202
436.980	4.225
437.260	4.243
437.540	4.221
437.810	4.259
438.090	4.243
438.360	4.248
438.640	4.191
438.910	4.232
439.190	4.146
439.470	4.129
439.740	4.139
440.020	4.167
440.290	4.152
440.570	4.173
440.850	4.085
441.120	4.108
441.400	4.043
441.670	4.047
441.950	4.009
442.230	4.065
442.500	4.022
442.780	3.923
443.050	3.874
443.330	3.901
443.610	3.806
443.880	3.795
444.160	3.769
444.440	3.844
444.710	3.788
444.990	3.764
445.260	3.739
445.540	3.728
445.820	3.770
446.090	3.880
446.370	3.843
446.650	3.944
446.920	4.004
447.200	4.063
447.480	4.014
447.750	4.101
448.030	4.142
448.310	4.115
448.580	4.130
448.860	4.155
449.140	4.072
449.410	4.070
449.690	4.010
449.960	4.035
450.240	3.955
450.520	4.019
450.790	3.905
451.070	3.888
451.350	3.934
451.630	3.972
451.900	3.972
452.180	4.001
452.460	4.022
452.730	4.041
453.010	3.975
453.290	4.059
453.560	4.033
453.840	4.139
454.120	4.143
454.390	4.148
454.670	4.112
454.950	4.120
455.220	4.129
455.500	4.163
455.780	4.140
456.060	4.172
456.330	4.065
456.610	4.074
456.890	4.039
457.160	4.093
457.440	4.053
457.720	4.075
458.000	4.035
458.270	4.064
458.550	4.006
458.830	4.059
459.100	4.024
459.380	4.089
459.660	4.074
459.940	4.087
460.210	3.985
460.490	3.960
460.770	3.887
461.050	3.938
461.320	3.802
461.600	3.871
461.880	3.749
462.160	3.772
462.430	3.739
462.710	3.752
462.990	3.674
463.270	3.697
463.540	3.713
463.820	3.789
464.100	3.712
464.380	3.787
464.650	3.695
464.930	3.802
465.210	3.793
465.490	3.795
465.760	3.755
466.040	3.764
466.320	3.775
466.600	3.818
466.880	3.809
467.150	3.881
467.430	3.896
467.710	3.969
467.990	3.930
468.260	3.987
468.540	3.977
468.820	4.005
469.100	4.013
469.380	4.016
469.650	3.995
469.930	4.021
470.210	3.972
470.490	3.977
470.770	3.926
471.040	3.960
471.320	3.881
471.600	3.915
471.880	3.881
472.160	3.969
472.440	3.935
472.710	3.975
472.990	3.880
473.270	3.931
473.550	3.916
473.830	3.933
474.100	3.847
474.380	3.882
474.660	3.850
474.940	3.843
475.220	3.733
475.500	3.804
475.770	3.709
476.050	3.785
476.330	3.699
476.610	3.696
476.890	3.665
477.170	3.789
477.450	3.759
477.720	3.816
478.000	3.778
478.280	3.785
478.560	3.765
478.840	3.897
479.120	3.892
479.400	3.932
479.670	3.914
479.950	3.908
480.230	3.877
480.510	3.939
480.790	3.915
481.070	3.980
481.350	3.986
481.630	3.951
481.900	3.840
482.180	3.869
482.460	3.806
482.740	3.858
483.020	3.891
483.300	3.951
483.580	3.924
483.860	3.890
484.140	3.823
484.410	3.921
484.690	3.887
484.970	3.916
485.250	3.914
485.530	3.976
485.810	3.994
486.090	4.036
486.370	3.958
486.650	4.017
486.930	4.047
487.210	4.106
487.480	4.066
487.760	4.157
488.040	4.133
488.320	4.151
488.600	4.136
488.880	4.143
489.160	4.083
489.440	4.166
489.720	4.116
490.000	4.110
490.280	4.072
490.560	4.082
490.840	4.018
491.120	4.067
491.400	4.040
491.670	4.073
491.950	4.071
492.230	4.117
492.510	4.027
492.790	4.037
493.070	3.997
493.350	4.055
493.630	3.992
493.910	4.023
494.190	3.972
494.470	3.982
494.750	3.925
495.030	3.862
495.310	3.792
495.590	3.857
495.870	3.739
496.150	3.810
496.430	3.750
496.710	3.746
496.990	3.687
497.270	3.729
497.550	3.675
497.830	3.699
498.110	3.702
498.390	3.770
498.670	3.690
498.950	3.815
499.230	3.854
499.510	3.839
499.790	3.842
500.070	3.914
500.350	3.932
500.630	3.937
500.910	3.971
501.190	4.031
501.470	4.018
501.750	4.058
502.030	4.038
502.310	4.019
502.590	4.009
502.870	4.058
503.150	4.014
503.430	3.983
503.710	3.952
503.990	3.914
504.270	3.840
504.550	3.856
504.830	3.879
505.110	3.890
505.390	3.855
505.670	3.872
505.950	3.827
506.230	3.836
506.510	3.854
506.790	3.918
507.080	3.893
507.360	3.910
507.640	3.898
507.920	3.856
508.200	3.818
508.480	3.815
508.760	3.788
509.040	3.854
509.320	3.840
509.600	3.813
509.880	3.783
510.160	3.831
510.440	3.790
510.720	3.731
511.000	3.703
511.290	3.743
511.570	3.729
511.850	3.808
512.130	3.737
512.410	3.748
512.690	3.755
512.970	3.803
513.250	3.721
513.530	3.821
513.810	3.859
514.090	3.871
514.380	3.860
514.660	3.922
514.940	3.907
515.220	3.914
515.500	3.987
515.780	4.056
516.060	4.065
516.340	4.121
516.620	4.111
516.910	4.091
517.190	4.095
517.470	4.084
517.750	4.057
518.030	4.063
518.310	3.996
518.590	3.929
518.870	3.874
519.160	3.842
519.440	3.796
519.720	3.831
520.000	3.817
520.280	3.861
520.560	3.841
520.840	3.879
521.130	3.821
521.410	3.948
521.690	3.944
521.970	3.970
522.250	3.962
522.530	4.040
522.810	3.978
523.100	4.024
523.380	3.952
523.660	3.995
523.940	3.939
524.220	4.002
524.500	3.958
524.790	3.966
525.070	3.932
525.350	3.956
525.630	3.907
525.910	3.921
526.200	3.869
526.480	3.942
526.760	3.954
527.040	4.014
527.320	4.010
527.600	4.034
527.890	4.064
528.170	4.100
528.450	4.059
528.730	4.081
529.010	4.069
529.300	4.111
529.580	4.121
529.860	4.151
530.140	4.125
530.420	4.098
530.710	4.087
530.990	4.100
531.270	4.094
531.550	4.149
531.840	4.163
532.120	4.155
532.400	4.197
532.680	4.185
532.960	4.188
533.250	4.194
533.530	4.222
533.810	4.218
534.090	4.186
534.380	4.196
534.660	4.193
534.940	4.174
535.220	4.182
535.510	4.160
535.790	4.129
536.070	4.091
536.350	4.075
536.640	4.087
536.920	4.072
537.200	4.137
537.480	4.051
537.770	4.029
538.050	4.010
538.330	4.082
538.610	4.043
538.900	4.096
539.180	4.116
539.460	4.103
539.740	4.037
540.030	4.048
540.310	4.010
540.590	4.150
540.880	4.127
541.160	4.147
541.440	4.047
541.720	4.063
542.010	4.041
542.290	4.022
542.570	4.029
542.860	4.078
543.140	4.086
543.420	4.044
543.700	3.919
543.990	3.976
544.270	3.959
544.550	4.021
544.840	3.983
545.120	3.986
545.400	3.963
545.690	3.981
545.970	3.947
546.250	3.893
546.540	3.878
546.820	3.915
547.100	3.836
547.390	3.789
547.670	3.736
547.950	3.809
548.230	3.803
548.520	3.782
548.800	3.732
549.080	3.784
549.370	3.853
549.650	3.885
549.930	3.868
550.220	3.870
550.500	3.897
550.790	3.965
551.070	3.931
551.350	3.876
551.640	3.937
551.920	4.004
552.200	3.943
552.490	3.950
552.770	4.013
553.050	4.063
553.340	4.086
553.620	4.131
553.900	4.071
554.190	4.140
554.470	4.142
554.760	4.115
555.040	4.089
555.320	4.145
555.610	4.136
555.890	4.152
556.170	4.098
556.460	4.148
556.740	4.088
557.030	4.138
557.310	4.060
557.590	4.156
557.880	4.161
558.160	4.193
558.450	4.188
558.730	4.229
559.010	4.130
559.300	4.154
559.580	4.111
559.870	4.191
560.150	4.193
560.430	4.253
560.720	4.185
561.000	4.200
561.290	4.195
561.570	4.219
561.850	4.173
562.140	4.225
562.420	4.232
562.710	4.228
562.990	4.210
563.280	4.203
563.560	4.137
563.840	4.131
564.130	4.125
564.410	4.131
564.700	4.075
564.980	4.097
565.270	4.120
565.550	4.157
565.840	4.173
566.120	4.159
566.400	4.139
566.690	4.150
566.970	4.176
567.260	4.146
567.540	4.082
567.830	4.120
568.110	4.123
568.400	4.108
568.680	4.033
568.970	4.058
569.250	4.013
569.540	4.041
569.820	4.047
570.100	4.057
570.390	4.067
570.670	4.103
570.960	4.046
571.240	4.047
571.530	4.014
571.810	4.061
572.100	4.011
572.380	4.082
572.670	4.034
572.950	3.962
573.240	3.985
573.520	4.028
573.810	4.003
574.090	4.018
574.380	4.050
574.660	4.033
574.950	4.031
575.230	4.055
575.520	4.032
575.800	4.040
576.090	4.165
576.370	4.159
576.660	4.167
576.940	4.182
577.230	4.183
577.510	4.159
577.800	4.174
578.090	4.182
578.370	4.120
578.660	4.100
578.940	4.120
579.230	4.120
579.510	4.072
579.800	4.041
580.080	4.029
580.370	4.056
580.650	4.056
580.940	4.072
581.220	4.042
581.510	4.109
581.800	4.086
582.080	4.065
582.370	3.979
582.650	4.062
582.940	4.045
583.220	4.015
583.510	3.958
583.800	3.938
584.080	3.927
584.370	3.958
584.650	3.949
584.940	3.973
585.220	3.984
585.510	3.981
585.800	3.919
586.080	3.915
586.370	3.929
586.650	3.960
586.940	3.954
587.220	3.989
587.510	3.944
587.800	3.932
588.080	3.922
588.370	3.980
588.650	4.017
588.940	3.954
589.230	3.976
589.510	3.994
589.800	4.054
590.080	4.081
590.370	4.021
590.660	4.095
590.940	4.091
591.230	4.113
591.510	4.098
591.800	4.107
592.090	4.117
592.370	4.154
592.660	4.163
592.950	4.106
593.230	4.091
593.520	4.131
593.800	4.027
594.090	4.085
594.380	4.038
594.660	3.991
594.950	3.904
595.240	4.051
595.520	3.955
595.810	3.899
596.100	3.935
596.380	3.962
596.670	3.923
596.960	3.981
597.240	3.901
597.530	3.958
597.820	3.986
598.100	4.078
598.390	3.973
598.680	4.052
598.960	4.127
599.250	4.116
599.540	4.094
599.820	4.148
600.110	4.149
600.400	4.194
600.680	4.151
600.970	4.150
601.260	4.098
601.540	4.095
601.830	4.059
602.120	4.061
602.400	4.075
602.690	4.063
602.980	4.009
603.260	3.998
603.550	3.995
603.840	4.071
604.130	4.045
604.410	4.112
604.700	4.099
604.990	4.098
605.270	4.079
605.560	4.002
605.850	3.979
606.130	3.991
606.420	3.994
606.710	3.982
607.000	3.878
607.280	3.940
607.570	3.863
607.860	3.905
608.150	3.920
608.430	3.903
608.720	3.977
609.010	4.033
609.290	4.037
609.580	4.048
609.870	4.005
610.160	4.091
610.440	4.080
610.730	4.110
611.020	4.109
611.310	4.127
611.590	4.126
611.880	4.124
612.170	4.068
612.460	4.040
612.740	3.985
613.030	4.135
613.320	4.109
613.610	4.134
613.890	4.109
614.180	4.106
614.470	4.107
614.760	4.102
615.050	4.105
615.330	4.142
615.620	4.185
615.910	4.260
616.200	4.107
616.480	4.049
616.770	3.980
617.060	4.087
617.350	4.078
617.640	4.031
617.920	4.036
618.210	4.085
618.500	4.035
618.790	3.997
619.080	3.932
619.360	3.997
619.650	4.043
619.940	4.118
620.230	3.999
620.520	4.048
620.800	4.071
621.090	4.079
621.380	4.005
621.670	4.039
621.960	4.074
622.240	4.082
622.530	4.105
622.820	4.146
623.110	4.104
623.400	4.163
623.690	4.122
623.970	4.171
624.260	4.171
624.550	4.238
624.840	4.228
625.130	4.291
625.420	4.284
625.700	4.266
625.990	4.251
626.280	4.230
626.570	4.214
626.860	4.257
627.150	4.220
627.440	4.259
627.720	4.192
628.010	4.225
628.300	4.104
628.590	4.178
628.880	4.162
629.170	4.167
629.460	4.180
629.740	4.200
630.030	4.181
630.320	4.169
630.610	4.139
630.900	4.189
631.190	4.189
631.480	4.265
631.770	4.240
632.050	4.284
632.340	4.285
632.630	4.301
632.920	4.283
633.210	4.278
633.500	4.315
633.790	4.280
634.080	4.254
634.370	4.250
634.650	4.190
634.940	4.164
635.230	4.137
635.520	4.145
635.810	4.071
636.100	4.013
636.390	3.955
636.680	3.948
636.970	3.967
637.260	3.969
637.550	3.995
637.840	4.082
638.120	4.150
638.410	4.175
638.700	4.169
638.990	4.281
639.280	4.329
639.570	4.357
639.860	4.337
640.150	4.354
640.440	4.334
640.730	4.312
641.020	4.251
641.310	4.223
641.600	4.172
641.890	4.180
642.180	4.093
642.470	4.116
642.750	4.193
643.040	4.238
643.330	4.212
643.620	4.262
643.910	4.277
644.200	4.309
644.490	4.300
644.780	4.308
645.070	4.268
645.360	4.301
645.650	4.272
645.940	4.237
646.230	4.201
646.520	4.262
646.810	4.238
647.100	4.210
647.390	4.164
647.680	4.128
647.970	4.151
648.260	4.202
648.550	4.180
648.840	4.181
649.130	4.140
649.420	4.160
649.710	4.125
650.000	4.121
650.290	4.131
650.580	4.168
650.870	4.191
651.160	4.178
651.450	4.173
651.740	4.174
652.030	4.155
652.320	4.144
652.610	4.130
652.900	4.156
653.190	4.169
653.480	4.179
653.770	4.141
654.060	4.112
654.350	4.128
654.640	4.099
654.930	4.105
655.220	4.137
655.510	4.122
655.800	4.128
656.090	4.102
656.380	4.109
656.680	4.063
656.970	4.099
657.260	4.114
657.550	4.131
657.840	4.124
658.130	4.134
658.420	4.065
658.710	4.087
659.000	4.035
659.290	4.024
659.580	3.973
659.870	4.064
660.160	4.029
660.450	4.064
660.740	4.004
661.030	4.017
661.320	3.979
661.620	4.055
661.910	4.066
662.200	4.099
662.490	4.087
662.780	4.138
663.070	4.081
663.360	4.115
663.650	4.129
663.940	4.159
664.230	4.144
664.520	4.217
664.820	4.241
665.110	4.290
665.400	4.290
665.690	4.307
665.980	4.309
666.270	4.318
666.560	4.350
666.850	4.364
667.140	4.344
667.440	4.377
667.730	4.332
668.020	4.333
668.310	4.271
668.600	4.289
668.890	4.302
669.180	4.329
669.470	4.352
669.770	4.314
670.060	4.304
670.350	4.333
670.640	4.306
670.930	4.334
671.220	4.311
671.510	4.321
671.800	4.275
672.100	4.262
672.390	4.189
672.680	4.136
672.970	4.170
673.260	4.171
673.550	4.119
673.850	4.145
674.140	4.122
674.430	4.111
674.720	4.124
675.010	4.154
675.300	4.150
675.600	4.168
675.890	4.217
676.180	4.243
676.470	4.208
676.760	4.270
677.050	4.241
677.350	4.266
677.640	4.272
677.930	4.262
678.220	4.264
678.510	4.296
678.800	4.302
679.100	4.285
679.390	4.200
679.680	4.192
679.970	4.160
680.260	4.142
680.560	4.099
680.850	4.080
681.140	4.080
681.430	4.075
681.720	4.032
682.020	4.028
682.310	4.049
682.600	4.109
682.890	4.153
683.190	4.176
683.480	4.178
683.770	4.193
684.060	4.177
684.350	4.202
684.650	4.196
684.940	4.208
685.230	4.213
685.520	4.198
685.820	4.190
686.110	4.187
686.400	4.121
686.690	4.168
686.990	4.106
687.280	4.128
687.570	4.102
687.860	4.152
688.160	4.135
688.450	4.097
688.740	4.113
689.030	4.129
689.330	4.073
689.620	4.157
689.910	4.149
690.200	4.234
690.500	4.247
690.790	4.270
691.080	4.227
691.370	4.211
691.670	4.235
691.960	4.240
692.250	4.234
692.550	4.258
692.840	4.206
693.130	4.241
693.420	4.229
693.720	4.247
694.010	4.244
694.300	4.270
694.600	4.276
694.890	4.338
695.180	4.324
695.470	4.340
695.770	4.338
696.060	4.370
696.350	4.342
696.650	4.333
696.940	4.316
697.230	4.329
697.530	4.292
697.820	4.358
698.110	4.316
698.400	4.351
698.700	4.338
698.990	4.355
699.280	4.351
699.580	4.371
699.870	4.366
700.160	4.408
700.460	4.375
700.750	4.447
701.040	4.432
701.340	4.465
701.630	4.468
701.920	4.501
702.220	4.494
702.510	4.533
702.800	4.531
703.100	4.570
703.390	4.577
703.690	4.662
703.980	4.659
704.270	4.669
704.570	4.679
704.860	4.677
705.150	4.701
705.450	4.729
705.740	4.747
706.030	4.768
706.330	4.785
706.620	4.823
706.910	4.802
707.210	4.813
707.500	4.836
707.800	4.869
708.090	4.901
708.380	4.919
708.680	4.946
708.970	4.974
709.270	4.992
709.560	5.022
709.850	5.028
710.150	5.061
710.440	5.090
710.730	5.113
711.030	5.131
711.320	5.168
711.620	5.189
711.910	5.232
712.200	5.247
712.500	5.297
712.790	5.309
713.090	5.337
713.380	5.371
713.680	5.416
713.970	5.449
714.260	5.482
714.560	5.498
714.850	5.529
715.150	5.558
715.440	5.597
715.730	5.626
716.030	5.681
716.320	5.722
716.620	5.760
716.910	5.796
717.210	5.839
717.500	5.872
717.800	5.925
718.090	5.959
718.380	5.985
718.680	6.026
718.970	6.061
719.270	6.089
719.560	6.124
719.860	6.161
720.150	6.196
720.450	6.233
720.740	6.274
721.040	6.302
721.330	6.346
721.620	6.383
721.920	6.415
722.210	6.449
722.510	6.482
722.800	6.515
723.100	6.547
723.390	6.575
723.690	6.607
723.980	6.638
724.280	6.671
724.570	6.697
724.870	6.730
725.160	6.758
725.460	6.788
725.750	6.820
726.050	6.849
726.340	6.872
726.640	6.895
726.930	6.917
727.230	6.941
727.520	6.965
727.820	6.988
728.110	7.010
728.410	7.030
728.700	7.054
729.000	7.076
729.290	7.092
729.590	7.115
729.880	7.138
730.180	7.162
730.470	7.181
730.770	7.198
731.060	7.215
731.360	7.240
731.650	7.258
731.950	7.273
732.240	7.290
732.540	7.312
732.840	7.330
733.130	7.348
733.430	7.363
733.720	7.382
734.020	7.398
734.310	7.414
734.610	7.426
734.900	7.445
735.200	7.460
735.490	7.474
735.790	7.485
736.090	7.501
736.380	7.514
736.680	7.526
736.970	7.536
737.270	7.551
737.560	7.564
737.860	7.576
738.160	7.586
738.450	7.598
738.750	7.609
739.040	7.622
739.340	7.630
739.630	7.643
739.930	7.654
740.230	7.666
740.520	7.676
740.820	7.687
741.110	7.698
741.410	7.709
741.710	7.718
742.000	7.729
742.300	7.737
742.590	7.748
742.890	7.755
743.190	7.765
743.480	7.771
743.780	7.779
744.070	7.787
744.370	7.795
744.670	7.801
744.960	7.808
745.260	7.813
745.550	7.820
745.850	7.824
746.150	7.831
746.440	7.836
746.740	7.843
747.040	7.847
747.330	7.852
747.630	7.857
747.930	7.862
748.220	7.864
748.520	7.869
748.810	7.871
749.110	7.876
749.410	7.878
749.700	7.880
750.000	7.882
750.300	7.886
750.590	7.888
750.890	7.892
751.190	7.894
751.480	7.898
751.780	7.902
752.080	7.906
752.370	7.909
752.670	7.914
752.970	7.917
753.260	7.920
753.560	7.923
753.860	7.925
754.150	7.927
754.450	7.929
754.750	7.930
755.040	7.931
755.340	7.933
755.640	7.934
755.930	7.935
756.230	7.935
756.530	7.937
756.820	7.937
757.120	7.938
757.420	7.940
757.720	7.940
758.010	7.941
758.310	7.941
758.610	7.941
758.900	7.940
759.200	7.940
759.500	7.938
759.790	7.938
760.090	7.936
760.390	7.933
760.690	7.929
760.980	7.929
761.280	7.928
761.580	7.928
761.870	7.928
762.170	7.928
762.470	7.927
762.770	7.928
763.060	7.926
763.360	7.927
763.660	7.929
763.960	7.929
764.250	7.928
764.550	7.929
764.850	7.929
765.150	7.928
765.440	7.927
765.740	7.928
766.040	7.927
766.340	7.929
766.630	7.929
766.930	7.929
767.230	7.930
767.530	7.932
767.820	7.929
768.120	7.928
768.420	7.927
768.720	7.928
769.010	7.926
769.310	7.927
769.610	7.925
769.910	7.922
770.210	7.921
770.500	7.920
770.800	7.919
771.100	7.920
771.400	7.920
771.690	7.920
771.990	7.920
772.290	7.920
772.590	7.918
772.890	7.918
773.180	7.919
773.480	7.918
773.780	7.917
774.080	7.914
774.380	7.912
774.670	7.911
774.970	7.906
775.270	7.904
775.570	7.898
775.870	7.896
776.160	7.892
776.460	7.886
776.760	7.881
777.060	7.877
777.360	7.873
777.660	7.869
777.950	7.864
778.250	7.863
778.550	7.859
778.850	7.859
779.150	7.856
779.450	7.855
779.740	7.856
780.040	7.856
780.340	7.856
780.640	7.856
780.940	7.856
781.240	7.856
781.530	7.855
781.830	7.854
782.130	7.853
782.430	7.853
782.730	7.852
783.030	7.849
783.330	7.849
783.620	7.846
783.920	7.843
784.220	7.842
784.520	7.840
784.820	7.840
785.120	7.837
785.420	7.838
785.720	7.834
786.010	7.833
786.310	7.830
786.610	7.828
786.910	7.827
787.210	7.826
787.510	7.822
787.810	7.820
788.110	7.817
788.400	7.818
788.700	7.814
789.000	7.813
789.300	7.812
789.600	7.813
789.900	7.811
790.200	7.810
790.500	7.811
790.800	7.812
791.100	7.812
791.390	7.810
791.690	7.807
791.990	7.806
792.290	7.805
792.590	7.803
792.890	7.801
793.190	7.800
793.490	7.798
793.790	7.795
794.090	7.791
794.390	7.790
794.690	7.787
794.990	7.786
795.290	7.785
795.580	7.784
795.880	7.782
796.180	7.780
796.480	7.778
796.780	7.776
797.080	7.773
797.380	7.774
797.680	7.771
797.980	7.772
798.280	7.771
798.580	7.767
798.880	7.766
799.180	7.764
799.480	7.762
799.780	7.762
800.080	7.761
800.380	7.760
800.680	7.757
800.980	7.757
801.280	7.754
801.580	7.753
801.880	7.752
802.180	7.753
802.480	7.750
802.780	7.749
803.080	7.745
803.380	7.743
803.670	7.739
803.970	7.736
804.270	7.732
804.570	7.729
804.870	7.725
805.170	7.722
805.470	7.714
805.770	7.711
806.070	7.706
806.370	7.705
806.670	7.702
806.970	7.700
807.280	7.700
807.580	7.698
807.880	7.695
808.180	7.693
808.480	7.691
808.780	7.691
809.080	7.689
809.380	7.689
809.680	7.684
809.980	7.684
810.280	7.683
810.580	7.678
810.880	7.676
811.180	7.676
811.480	7.674
811.780	7.671
812.080	7.667
812.380	7.665
812.680	7.661
812.980	7.659
813.280	7.653
813.580	7.652
813.880	7.651
814.180	7.647
814.480	7.642
814.780	7.641
815.080	7.635
815.390	7.633
815.690	7.628
815.990	7.625
816.290	7.619
816.590	7.617
816.890	7.610
817.190	7.605
817.490	7.601
817.790	7.597
818.090	7.589
818.390	7.586
818.690	7.581
818.990	7.576
819.300	7.570
819.600	7.567
819.900	7.560
820.200	7.557
820.500	7.552
820.800	7.550
821.100	7.545
821.400	7.541
821.700	7.537
822.000	7.535
822.310	7.532
822.610	7.532
822.910	7.530
823.210	7.531
823.510	7.531
823.810	7.529
824.110	7.526
824.410	7.527
824.710	7.524
825.020	7.522
825.320	7.519
825.620	7.520
825.920	7.516
826.220	7.515
826.520	7.511
826.820	7.505
827.120	7.502
827.430	7.500
827.730	7.498
828.030	7.498
828.330	7.498
828.630	7.496
828.930	7.492
829.230	7.492
829.540	7.488
829.840	7.486
830.140	7.484
830.440	7.480
830.740	7.478
831.040	7.477
831.350	7.475
831.650	7.472
831.950	7.469
832.250	7.468
832.550	7.464
832.850	7.462
833.160	7.461
833.460	7.461
833.760	7.460
834.060	7.456
834.360	7.453
834.670	7.450
834.970	7.447
835.270	7.442
835.570	7.437
835.870	7.434
836.170	7.431
836.480	7.428
836.780	7.425
837.080	7.423
837.380	7.419
837.680	7.416
837.990	7.412
838.290	7.411
838.590	7.408
838.890	7.406
839.190	7.403
839.500	7.399
839.800	7.395
840.100	7.393
840.400	7.389
840.710	7.386
841.010	7.383
841.310	7.380
841.610	7.374
841.910	7.368
842.220	7.364
842.520	7.361
842.820	7.357
843.120	7.357
843.430	7.350
843.730	7.346
844.030	7.340
844.330	7.337
844.640	7.333
844.940	7.330
845.240	7.328
845.540	7.328
845.850	7.324
846.150	7.323
846.450	7.317
846.750	7.314
847.060	7.310
847.360	7.309
847.660	7.304
847.960	7.300
848.270	7.293
848.570	7.287
848.870	7.279
849.180	7.274
849.480	7.266
849.780	7.258
850.080	7.252
850.390	7.245
850.690	7.237
850.990	7.230
851.300	7.221
851.600	7.217
851.900	7.211
852.200	7.206
852.510	7.197
852.810	7.193
853.110	7.187
853.420	7.183
853.720	7.177
854.020	7.171
854.330	7.167
854.630	7.165
854.930	7.159
855.230	7.153
855.540	7.148
855.840	7.145
856.140	7.136
856.450	7.132
856.750	7.126
857.050	7.125
857.360	7.121
857.660	7.116
857.960	7.110
858.270	7.109
858.570	7.107
858.870	7.103
859.180	7.101
859.480	7.099
859.780	7.091
860.090	7.089
860.390	7.083
860.690	7.079
861.000	7.076
861.300	7.073
861.600	7.065
861.910	7.061
862.210	7.058
862.520	7.051
862.820	7.044
863.120	7.043
863.430	7.036
863.730	7.034
864.030	7.029
864.340	7.027
864.640	7.022
864.940	7.020
865.250	7.016
865.550	7.011
865.860	7.007
866.160	7.005
866.460	7.002
866.770	7.003
867.070	6.996
867.380	6.994
867.680	6.989
867.980	6.984
868.290	6.979
868.590	6.976
868.900	6.970
869.200	6.966
869.500	6.964
869.810	6.959
870.110	6.952
870.420	6.946
870.720	6.939
871.020	6.935
871.330	6.929
871.630	6.929
871.940	6.923
872.240	6.920
872.540	6.913
872.850	6.908
873.150	6.903
873.460	6.898
873.760	6.895
874.070	6.895
874.370	6.887
874.670	6.885
874.980	6.877
875.280	6.873
875.590	6.870
875.890	6.867
876.200	6.858
876.500	6.856
876.810	6.851
877.110	6.843
877.410	6.832
877.720	6.830
878.020	6.821
878.330	6.812
878.630	6.803
878.940	6.798
879.240	6.793
879.550	6.786
879.850	6.776
880.160	6.774
880.460	6.771
880.770	6.766
881.070	6.760
881.370	6.755
881.680	6.752
881.980	6.748
882.290	6.738
882.590	6.732
882.900	6.728
883.200	6.722
883.510	6.714
883.810	6.708
884.120	6.703
884.420	6.703
884.730	6.698
885.030	6.696
885.340	6.692
885.640	6.695
885.950	6.694
886.250	6.692
886.560	6.694
886.860	6.691
887.170	6.687
887.470	6.682
887.780	6.669
888.080	6.669
888.390	6.664
888.690	6.662
889.000	6.653
889.310	6.643
889.610	6.637
889.920	6.631
890.220	6.623
890.530	6.621
890.830	6.617
891.140	6.618
891.440	6.608
891.750	6.600
892.050	6.594
892.360	6.593
892.660	6.590
892.970	6.588
893.280	6.582
893.580	6.583
893.890	6.576
894.190	6.572
894.500	6.565
894.800	6.573
895.110	6.575
895.410	6.571
895.720	6.562
896.030	6.563
896.330	6.562
896.640	6.556
896.940	6.548
897.250	6.551
897.550	6.549
897.860	6.551
898.170	6.544
898.470	6.543
898.780	6.541
899.080	6.544
899.390	6.540
899.700	6.538
900.000	6.534
900.310	6.539
900.610	6.533
900.920	6.532
901.230	6.528
901.530	6.529
901.840	6.525
902.140	6.527
902.450	6.528
902.760	6.534
903.060	6.535
903.370	6.545
903.670	6.538
903.980	6.544
904.290	6.544
904.590	6.548
904.900	6.551
905.200	6.556
905.510	6.552
905.820	6.550
906.120	6.548
906.430	6.553
906.740	6.553
907.040	6.559
907.350	6.558
907.660	6.564
907.960	6.563
908.270	6.565
908.570	6.566
908.880	6.573
909.190	6.580
909.490	6.583
909.800	6.579
910.110	6.579
910.410	6.582
910.720	6.588
911.030	6.586
911.330	6.593
911.640	6.590
911.950	6.591
912.250	6.592
912.560	6.591
912.870	6.588
913.170	6.593
913.480	6.601
913.790	6.602
914.090	6.605
914.400	6.613
914.710	6.613
915.010	6.618
915.320	6.622
915.630	6.630
915.930	6.631
916.240	6.640
916.550	6.647
916.860	6.651
917.160	6.660
917.470	6.662
917.780	6.661
918.080	6.661
918.390	6.660
918.700	6.657
919.010	6.652
919.310	6.652
919.620	6.649
919.930	6.639
920.230	6.633
920.540	6.624
920.850	6.618
921.160	6.617
921.460	6.612
921.770	6.616
922.080	6.616
922.380	6.618
922.690	6.615
923.000	6.613
923.310	6.616
923.610	6.611
923.920	6.610
924.230	6.612
924.540	6.607
924.840	6.608
925.150	6.598
925.460	6.601
925.770	6.595
926.070	6.600
926.380	6.599
926.690	6.602
927.000	6.600
927.300	6.597
927.610	6.590
927.920	6.593
928.230	6.588
928.530	6.584
928.840	6.579
929.150	6.580
929.460	6.571
929.770	6.566
930.070	6.555
930.380	6.553
930.690	6.544
931.000	6.540
931.300	6.532
931.610	6.527
931.920	6.523
932.230	6.511
932.540	6.497
932.840	6.494
933.150	6.485
933.460	6.480
933.770	6.466
934.080	6.459
934.380	6.448
934.690	6.434
935.000	6.421
935.310	6.412
935.620	6.402
935.920	6.392
936.230	6.374
936.540	6.362
936.850	6.346
937.160	6.334
937.470	6.317
937.770	6.310
938.080	6.298
938.390	6.288
938.700	6.268
939.010	6.261
939.310	6.249
939.620	6.237
939.930	6.221
940.240	6.213
940.550	6.208
940.860	6.207
941.170	6.191
941.470	6.183
941.780	6.165
942.090	6.162
942.400	6.146
942.710	6.135
943.020	6.124
943.330	6.123
943.630	6.105
943.940	6.097
944.250	6.080
944.560	6.070
944.870	6.062
945.180	6.071
945.490	6.064
945.790	6.060
946.100	6.052
946.410	6.045
946.720	6.030
947.030	6.025
947.340	6.010
947.650	6.007
947.960	5.998
948.270	5.990
948.570	5.975
948.880	5.967
949.190	5.956
949.500	5.950
949.810	5.938
950.120	5.942
950.430	5.944
950.740	5.951
951.050	5.933
951.360	5.943
951.660	5.933
951.970	5.929
952.280	5.911
952.590	5.910
952.900	5.903
953.210	5.905
953.520	5.895
953.830	5.890
954.140	5.874
954.450	5.887
954.760	5.870
955.070	5.870
955.370	5.870
955.680	5.883
955.990	5.878
956.300	5.881
956.610	5.875
956.920	5.873
957.230	5.867
957.540	5.868
957.850	5.861
958.160	5.858
958.470	5.853
958.780	5.852
959.090	5.847
959.400	5.844
959.710	5.836
960.020	5.851
960.330	5.841
960.640	5.843
960.950	5.848
961.260	5.846
961.570	5.843
961.880	5.854
962.180	5.842
962.490	5.847
962.800	5.857
963.110	5.860
963.420	5.853
963.730	5.860
964.040	5.853
964.350	5.845
964.660	5.838
964.970	5.842
965.280	5.828
965.590	5.834
965.900	5.821
966.210	5.805
966.520	5.795
966.830	5.786
967.140	5.780
967.450	5.772
967.760	5.774
968.070	5.772
968.380	5.763
968.690	5.761
969.000	5.748
969.310	5.743
969.620	5.737
969.930	5.735
970.240	5.717
970.560	5.710
970.870	5.703
971.180	5.689
971.490	5.684
971.800	5.676
972.110	5.657
972.420	5.652
972.730	5.642
973.040	5.653
973.350	5.645
973.660	5.646
973.970	5.628
974.280	5.612
974.590	5.594
974.900	5.576
975.210	5.559
975.520	5.563
975.830	5.550
976.140	5.549
976.450	5.529
976.760	5.522
977.070	5.514
977.390	5.519
977.700	5.530
978.010	5.544
978.320	5.547
978.630	5.567
978.940	5.550
979.250	5.556
979.560	5.551
979.870	5.543
980.180	5.534
980.490	5.555
980.800	5.551
981.120	5.551
981.430	5.547
981.740	5.551
982.050	5.530
982.360	5.549
982.670	5.547
982.980	5.547
983.290	5.544
983.600	5.540
983.910	5.518
984.230	5.527
984.540	5.513
984.850	5.504
985.160	5.485
985.470	5.479
985.780	5.470
986.090	5.468
986.400	5.471
986.710	5.483
987.030	5.486
987.340	5.495
987.650	5.483
987.960	5.488
988.270	5.486
988.580	5.491
988.890	5.492
989.210	5.489
989.520	5.482
989.830	5.471
990.140	5.442
990.450	5.442
990.760	5.425
991.070	5.411
991.390	5.407
991.700	5.394
992.010	5.385
992.320	5.387
992.630	5.371
992.940	5.380
993.260	5.376
993.570	5.399
993.880	5.392
994.190	5.393
994.500	5.392
994.810	5.393
995.130	5.394
995.440	5.398
995.750	5.377
996.060	5.377
996.370	5.360
996.680	5.361
997.000	5.351
997.310	5.344
997.620	5.321
997.930	5.322
998.240	5.318
998.560	5.326
998.870	5.318
999.180	5.322
999.490	5.316
999.800	5.322
1000.120	5.295
1000.430	5.284
1000.740	5.282
1001.050	5.290
1001.360	5.275
1001.680	5.253
1001.990	5.238
1002.300	5.240
1002.610	5.236
1002.930	5.234
1003.240	5.199
1003.550	5.209
1003.860	5.187
1004.170	5.169
1004.490	5.167
1004.800	5.178
1005.110	5.182
1005.420	5.180
1005.740	5.163
1006.050	5.165
1006.360	5.149
1006.670	5.147
1006.990	5.127
1007.300	5.137
1007.610	5.143
1007.920	5.144
1008.240	5.120
1008.550	5.123
1008.860	5.115
1009.170	5.121
1009.490	5.103
1009.800	5.111
1010.110	5.115
1010.420	5.133
1010.740	5.134
1011.050	5.143
1011.360	5.127
1011.680	5.134
1011.990	5.122
1012.300	5.132
1012.610	5.136
1012.930	5.126
1013.240	5.116
1013.550	5.135
1013.870	5.113
1014.180	5.100
1014.490	5.077
1014.800	5.079
1015.120	5.058
1015.430	5.068
1015.740	5.037
1016.060	5.030
1016.370	5.033
1016.680	5.040
1017.000	5.000
1017.310	5.010
1017.620	5.022
1017.930	5.015
1018.250	5.003
1018.560	5.005
1018.870	4.977
1019.190	4.968
1019.500	4.951
1019.810	4.964
1020.130	4.948
1020.440	4.938
1020.750	4.926
1021.070	4.891
1021.380	4.900
1021.690	4.890
1022.010	4.898
1022.320	4.930
1022.630	4.934
1022.950	4.946
1023.260	4.944
1023.570	4.936
1023.890	4.968
1024.200	4.986
1024.510	5.009
1024.830	5.023
1025.140	5.025
1025.460	5.018
1025.770	5.004
1026.080	5.020
1026.400	4.993
1026.710	4.987
1027.020	5.016
1027.340	5.021
1027.650	5.009
1027.960	5.004
1028.280	4.979
1028.590	4.993
1028.910	5.001
1029.220	4.989
1029.530	4.988
1029.850	5.017
1030.160	5.032
1030.480	5.000
1030.790	4.979
1031.100	4.980
1031.420	4.982
1031.730	4.971
1032.050	4.971
1032.360	4.970
1032.670	4.987
1032.990	4.970
1033.300	4.945
1033.620	4.931
1033.930	4.944
1034.240	4.940
1034.560	4.913
1034.870	4.915
1035.190	4.904
1035.500	4.911
1035.810	4.894
1036.130	4.878
1036.440	4.878
1036.760	4.886
1037.070	4.861
1037.390	4.808
1037.700	4.794
1038.010	4.836
1038.330	4.803
1038.640	4.817
1038.960	4.789
1039.270	4.786
1039.590	4.771
1039.900	4.768
1040.220	4.738
1040.530	4.752
1040.840	4.799
1041.160	4.798
1041.470	4.745
1041.790	4.738
1042.100	4.756
1042.420	4.780
1042.730	4.795
1043.050	4.775
1043.360	4.766
1043.680	4.797
1043.990	4.821
1044.310	4.810
1044.620	4.815
1044.940	4.844
1045.250	4.862
1045.560	4.853
1045.880	4.817
1046.190	4.805
1046.510	4.838
1046.820	4.859
1047.140	4.830
1047.450	4.814
1047.770	4.817
1048.080	4.823
1048.400	4.797
1048.710	4.800
1049.030	4.787
1049.340	4.798
1049.660	4.801
1049.970	4.793
1050.290	4.782
1050.600	4.781
1050.920	4.763
1051.230	4.772
1051.550	4.791
1051.860	4.805
1052.180	4.804
1052.500	4.819
1052.810	4.832
1053.130	4.821
1053.440	4.795
1053.760	4.799
1054.070	4.816
1054.390	4.810
1054.700	4.806
1055.020	4.775
1055.330	4.765
1055.650	4.763
1055.960	4.746
1056.280	4.729
1056.590	4.712
1056.910	4.724
1057.230	4.707
1057.540	4.725
1057.860	4.735
1058.170	4.774
1058.490	4.752
1058.800	4.765
1059.120	4.766
1059.440	4.767
1059.750	4.753
1060.070	4.792
1060.380	4.799
1060.700	4.813
1061.010	4.790
1061.330	4.776
1061.650	4.717
1061.960	4.756
1062.280	4.728
1062.590	4.727
1062.910	4.742
1063.220	4.753
1063.540	4.724
1063.860	4.722
1064.170	4.695
1064.490	4.704
1064.800	4.732
1065.120	4.772
1065.440	4.751
1065.750	4.795
1066.070	4.778
1066.380	4.775
1066.700	4.794
1067.020	4.805
1067.330	4.794
1067.650	4.787
1067.960	4.779
1068.280	4.772
1068.600	4.739
1068.910	4.741
1069.230	4.720
1069.550	4.728
1069.860	4.720
1070.180	4.720
1070.490	4.710
1070.810	4.727
1071.130	4.736
1071.440	4.737
1071.760	4.734
1072.080	4.735
1072.390	4.743
1072.710	4.760
1073.030	4.760
1073.340	4.767
1073.660	4.747
1073.970	4.749
1074.290	4.758
1074.610	4.769
1074.920	4.767
1075.240	4.776
1075.560	4.778
1075.870	4.753
1076.190	4.722
1076.510	4.717
1076.820	4.700
1077.140	4.709
1077.460	4.721
1077.770	4.725
1078.090	4.730
1078.410	4.762
1078.720	4.736
1079.040	4.749
1079.360	4.778
1079.680	4.781
1079.990	4.780
1080.310	4.805
1080.630	4.803
1080.940	4.785
1081.260	4.755
1081.580	4.748
1081.890	4.729
1082.210	4.743
1082.530	4.695
1082.840	4.701
1083.160	4.698
1083.480	4.701
1083.800	4.708
1084.110	4.711
1084.430	4.715
1084.750	4.728
1085.060	4.711
1085.380	4.747
1085.700	4.749
1086.020	4.777
1086.330	4.778
1086.650	4.799
1086.970	4.788
1087.290	4.744
1087.600	4.722
1087.920	4.761
1088.240	4.739
1088.550	4.753
1088.870	4.708
1089.190	4.711
1089.510	4.682
1089.820	4.681
1090.140	4.648
1090.460	4.660
1090.780	4.681
1091.090	4.703
1091.410	4.680
1091.730	4.702
1092.050	4.675
1092.360	4.670
1092.680	4.633
1093.000	4.679
1093.320	4.660
1093.640	4.699
1093.950	4.684
1094.270	4.695
1094.590	4.694
1094.910	4.672
1095.220	4.657
1095.540	4.702
1095.860	4.694
1096.180	4.706
1096.500	4.686
1096.810	4.709
1097.130	4.678
1097.450	4.693
1097.770	4.682
1098.090	4.689
1098.400	4.686
1098.720	4.687
1099.040	4.669
1099.360	4.705
1099.680	4.726
1099.990	4.745
1100.310	4.714
1100.630	4.753
1100.950	4.739
1101.270	4.734
1101.580	4.728
1101.900	4.747
1102.220	4.749
1102.540	4.743
1102.860	4.721
1103.180	4.740
1103.490	4.733
1103.810	4.753
1104.130	4.729
1104.450	4.745
1104.770	4.742
1105.080	4.745
1105.400	4.729
1105.720	4.751
1106.040	4.751
1106.360	4.746
1106.680	4.697
1107.000	4.698
1107.310	4.707
1107.630	4.704
1107.950	4.687
1108.270	4.713
1108.590	4.711
1108.910	4.715
1109.230	4.732
1109.540	4.737
1109.860	4.728
1110.180	4.758
1110.500	4.735
1110.820	4.747
1111.140	4.741
1111.460	4.756
1111.780	4.734
1112.090	4.725
1112.410	4.708
1112.730	4.686
1113.050	4.661
1113.370	4.655
1113.690	4.618
1114.010	4.636
1114.330	4.608
1114.640	4.634
1114.960	4.628
1115.280	4.652
1115.600	4.668
1115.920	4.706
1116.240	4.691
1116.560	4.709
1116.880	4.703
1117.200	4.730
1117.520	4.721
1117.840	4.727
1118.150	4.715
1118.470	4.738
1118.790	4.703
1119.110	4.711
1119.430	4.683
1119.750	4.700
1120.070	4.710
1120.390	4.731
1120.710	4.742
1121.030	4.765
1121.350	4.751
1121.670	4.742
1121.990	4.727
1122.300	4.734
1122.620	4.708
1122.940	4.736
1123.260	4.719
1123.580	4.742
1123.900	4.723
1124.220	4.708
1124.540	4.703
1124.860	4.737
1125.180	4.746
1125.500	4.734
1125.820	4.732
1126.140	4.759
1126.460	4.760
1126.780	4.786
1127.100	4.770
1127.420	4.811
1127.740	4.812
1128.060	4.822
1128.380	4.776
1128.700	4.790
1129.020	4.783
1129.340	4.822
1129.660	4.824
1129.980	4.807
1130.300	4.789
1130.620	4.809
1130.940	4.769
1131.260	4.787
1131.580	4.786
1131.900	4.816
1132.220	4.801
1132.540	4.818
1132.860	4.811
1133.180	4.816
1133.500	4.835
1133.820	4.863
1134.140	4.853
1134.460	4.908
1134.780	4.901
1135.100	4.903
1135.420	4.899
1135.740	4.904
1136.060	4.927
1136.380	4.924
1136.700	4.887
1137.020	4.876
1137.340	4.871
1137.660	4.899
1137.980	4.845
1138.300	4.854
1138.620	4.850
1138.940	4.833
1139.260	4.836
1139.580	4.844
1139.900	4.818
1140.220	4.849
1140.540	4.839
1140.860	4.846
1141.180	4.807
1141.500	4.851
1141.820	4.862
1142.140	4.897
1142.460	4.900
1142.790	4.883
1143.110	4.873
1143.430	4.891
1143.750	4.876
1144.070	4.892
1144.390	4.858
1144.710	4.874
1145.030	4.850
1145.350	4.830
1145.670	4.786
1145.990	4.789
1146.310	4.788
1146.630	4.777
1146.960	4.769
1147.280	4.801
1147.600	4.764
1147.920	4.775
1148.240	4.739
1148.560	4.766
1148.880	4.753
1149.200	4.762
1149.520	4.803
1149.840	4.819
1150.160	4.798
1150.490	4.822
1150.810	4.798
1151.130	4.837
1151.450	4.822
1151.770	4.845
1152.090	4.810
1152.410	4.818
1152.730	4.794
1153.050	4.775
1153.380	4.757
1153.700	4.759
1154.020	4.718
1154.340	4.722
1154.660	4.714
1154.980	4.743
1155.300	4.739
1155.630	4.747
1155.950	4.733
1156.270	4.764
1156.590	4.744
1156.910	4.760
1157.230	4.790
1157.550	4.818
1157.880	4.805
1158.200	4.812
1158.520	4.807
1158.840	4.829
1159.160	4.819
1159.480	4.849
1159.800	4.828
1160.130	4.838
1160.450	4.821
1160.770	4.804
1161.090	4.808
1161.410	4.839
1161.730	4.825
1162.060	4.824
1162.380	4.816
1162.700	4.852
1163.020	4.835
1163.340	4.859
1163.670	4.833
1163.990	4.873
1164.310	4.872
1164.630	4.877
1164.950	4.861
1165.270	4.859
1165.600	4.857
1165.920	4.864
1166.240	4.839
1166.560	4.845
1166.880	4.892
1167.210	4.945
1167.530	4.921
1167.850	4.966
1168.170	4.963
1168.500	4.971
1168.820	4.991
1169.140	5.012
1169.460	4.981
1169.780	5.004
1170.110	5.027
1170.430	4.983
1170.750	4.952
1171.070	4.958
1171.400	4.919
1171.720	4.925
1172.040	4.905
1172.360	4.899
1172.680	4.872
1173.010	4.882
1173.330	4.867
1173.650	4.853
1173.970	4.842
1174.300	4.864
1174.620	4.849
1174.940	4.880
1175.260	4.866
1175.590	4.881
1175.910	4.859
1176.230	4.874
1176.550	4.868
1176.880	4.872
1177.200	4.870
1177.520	4.881
1177.840	4.864
1178.170	4.897
1178.490	4.850
1178.810	4.842
1179.140	4.834
1179.460	4.874
1179.780	4.856
1180.100	4.892
1180.430	4.861
1180.750	4.877
1181.070	4.898
1181.400	4.913
1181.720	4.908
1182.040	4.945
1182.360	4.956
1182.690	4.965
1183.010	4.941
1183.330	4.956
1183.660	4.940
1183.980	4.989
1184.300	4.972
1184.630	4.963
1184.950	4.966
1185.270	4.970
1185.590	4.939
1185.920	4.938
1186.240	4.926
1186.560	4.929
1186.890	4.931
1187.210	4.924
1187.530	4.866
1187.860	4.888
1188.180	4.868
1188.500	4.824
1188.830	4.801
1189.150	4.799
1189.470	4.789
1189.800	4.782
1190.120	4.764
1190.440	4.756
1190.770	4.761
1191.090	4.796
1191.410	4.760
1191.740	4.770
1192.060	4.789
1192.380	4.797
1192.710	4.804
1193.030	4.807
1193.360	4.819
1193.680	4.832
1194.000	4.822
1194.330	4.825
1194.650	4.824
1194.970	4.816
1195.300	4.785
1195.620	4.791
1195.940	4.784
1196.270	4.796
1196.590	4.787
1196.920	4.795
1197.240	4.770
1197.560	4.776
1197.890	4.767
1198.210	4.786
1198.540	4.782
1198.860	4.806
1199.180	4.798
1199.510	4.840
1199.830	4.792
1200.150	4.824
1200.480	4.787
1200.800	4.811
1201.130	4.792
1201.450	4.794
1201.780	4.743
1202.100	4.745
1202.420	4.720
1202.750	4.731
1203.070	4.656
1203.400	4.694
1203.720	4.654
1204.040	4.655
1204.370	4.656
1204.690	4.678
1205.020	4.668
1205.340	4.681
1205.670	4.685
1205.990	4.697
1206.310	4.706
1206.640	4.738
1206.960	4.740
1207.290	4.805
1207.610	4.824
1207.940	4.820
1208.260	4.828
1208.590	4.856
1208.910	4.880
1209.230	4.885
1209.560	4.884
1209.880	4.852
1210.210	4.856
1210.530	4.884
1210.860	4.824
1211.180	4.838
1211.510	4.852
1211.830	4.865
1212.160	4.845
1212.480	4.829
1212.800	4.826
1213.130	4.846
1213.450	4.862
1213.780	4.880
1214.100	4.857
1214.430	4.868
1214.750	4.849
1215.080	4.845
1215.400	4.814
1215.730	4.834
1216.050	4.830
1216.380	4.844
1216.700	4.828
1217.030	4.835
1217.350	4.796
1217.680	4.806
1218.000	4.795
1218.330	4.811
1218.650	4.781
1218.980	4.801
1219.300	4.769
1219.630	4.769
1219.950	4.762
1220.280	4.773
1220.600	4.745
1220.930	4.779
1221.250	4.753
1221.580	4.760
1221.900	4.747
1222.230	4.778
1222.560	4.755
1222.880	4.784
1223.210	4.779
1223.530	4.769
1223.860	4.754
1224.180	4.787
1224.510	4.758
1224.830	4.760
1225.160	4.771
1225.480	4.776
1225.810	4.747
1226.130	4.766
1226.460	4.735
1226.790	4.771
1227.110	4.755
1227.440	4.789
1227.760	4.773
1228.090	4.806
1228.410	4.814
1228.740	4.825
1229.060	4.841
1229.390	4.880
1229.720	4.876
1230.040	4.909
1230.370	4.874
1230.690	4.910
1231.020	4.888
1231.350	4.888
1231.670	4.838
1232.000	4.845
1232.320	4.832
1232.650	4.860
1232.970	4.824
1233.300	4.828
1233.630	4.830
1233.950	4.850
1234.280	4.861
1234.600	4.858
1234.930	4.872
1235.260	4.899
1235.580	4.914
1235.910	4.929
1236.230	4.893
1236.560	4.924
1236.890	4.924
1237.210	4.937
1237.540	4.932
1237.870	4.911
1238.190	4.925
1238.520	4.968
1238.840	4.981
1239.170	4.993
1239.500	4.981
1239.820	4.998
1240.150	4.969
1240.480	4.983
1240.800	4.952
1241.130	4.989
1241.450	4.989
1241.780	4.990
1242.110	4.955
1242.430	4.968
1242.760	4.959
1243.090	4.996
1243.410	4.978
1243.740	5.010
1244.070	5.001
1244.390	5.011
1244.720	4.989
1245.050	5.022
1245.370	5.036
1245.700	5.044
1246.030	5.030
1246.350	5.033
1246.680	5.010
1247.010	5.021
1247.330	4.997
1247.660	4.999
1247.990	4.993
1248.310	5.004
1248.640	4.965
1248.970	4.980
1249.290	4.966
1249.620	4.942
1249.950	4.936
1250.270	4.916
1250.600	4.897
1250.930	4.900
1251.250	4.891
1251.580	4.907
1251.910	4.881
1252.240	4.886
1252.560	4.849
1252.890	4.855
1253.220	4.859
1253.540	4.852
1253.870	4.865
1254.200	4.885
1254.530	4.898
1254.850	4.898
1255.180	4.864
1255.510	4.870
1255.830	4.874
1256.160	4.885
1256.490	4.870
1256.820	4.882
1257.140	4.883
1257.470	4.844
1257.800	4.833
1258.120	4.826
1258.450	4.814
1258.780	4.845
1259.110	4.836
1259.430	4.811
1259.760	4.792
1260.090	4.788
1260.420	4.754
1260.740	4.740
1261.070	4.742
1261.400	4.717
1261.730	4.703
1262.050	4.698
1262.380	4.663
1262.710	4.643
1263.040	4.647
1263.370	4.632
1263.690	4.622
1264.020	4.640
1264.350	4.614
1264.680	4.633
