194.150	4.746
194.410	4.760
194.670	4.778
194.930	4.723
195.190	4.772
195.450	4.753
195.700	4.801
195.960	4.759
196.220	4.771
196.480	4.736
196.740	4.731
197.000	4.741
197.260	4.769
197.520	4.717
197.770	4.727
198.030	4.699
198.290	4.704
198.550	4.673
198.810	4.696
199.070	4.678
199.330	4.702
199.590	4.685
199.850	4.636
200.100	4.575
200.360	4.619
200.620	4.588
200.880	4.588
201.140	4.572
201.400	4.585
201.660	4.545
201.920	4.521
202.180	4.527
202.440	4.533
202.690	4.527
202.950	4.542
203.210	4.509
203.470	4.554
203.730	4.548
203.990	4.577
204.250	4.531
204.510	4.652
204.770	4.675
205.030	4.655
205.290	4.638
205.550	4.674
205.810	4.665
206.070	4.651
206.320	4.638
206.580	4.666
206.840	4.648
207.100	4.661
207.360	4.571
207.620	4.570
207.880	4.563
208.140	4.559
208.400	4.531
208.660	4.547
208.920	4.577
209.180	4.592
209.440	4.589
209.700	4.588
209.960	4.583
210.220	4.602
210.480	4.560
210.740	4.584
211.000	4.567
211.260	4.574
211.520	4.546
211.780	4.550
212.040	4.527
212.300	4.500
212.560	4.486
212.820	4.521
213.080	4.474
213.340	4.505
213.600	4.466
213.860	4.508
214.120	4.490
214.380	4.523
214.640	4.494
214.900	4.521
215.160	4.522
215.420	4.588
215.680	4.571
215.940	4.636
216.200	4.627
216.460	4.671
216.720	4.652
216.980	4.728
217.240	4.714
217.500	4.744
217.760	4.738
218.020	4.768
218.280	4.730
218.540	4.761
218.800	4.733
219.060	4.770
219.320	4.760
219.580	4.785
219.840	4.718
220.100	4.728
220.360	4.718
220.620	4.740
220.880	4.706
221.140	4.746
221.400	4.713
221.660	4.747
221.920	4.720
222.180	4.748
222.440	4.733
222.710	4.771
222.970	4.768
223.230	4.802
223.490	4.760
223.750	4.794
224.010	4.740
224.270	4.802
224.530	4.765
224.790	4.807
225.050	4.763
225.310	4.795
225.570	4.779
225.830	4.802
226.100	4.791
226.360	4.823
226.620	4.791
226.880	4.816
227.140	4.745
227.400	4.769
227.660	4.710
227.920	4.730
228.180	4.677
228.440	4.723
228.700	4.683
228.970	4.659
229.230	4.659
229.490	4.662
229.750	4.658
230.010	4.694
230.270	4.634
230.530	4.669
230.790	4.636
231.050	4.637
231.320	4.556
231.580	4.601
231.840	4.593
232.100	4.593
232.360	4.573
232.620	4.582
232.880	4.496
233.150	4.542
233.410	4.507
233.670	4.576
233.930	4.552
234.190	4.607
234.450	4.570
234.710	4.581
234.980	4.564
235.240	4.604
235.500	4.586
235.760	4.636
236.020	4.594
236.280	4.633
236.540	4.571
236.810	4.606
237.070	4.551
237.330	4.591
237.590	4.568
237.850	4.577
238.110	4.535
238.380	4.544
238.640	4.548
238.900	4.584
239.160	4.550
239.420	4.566
239.690	4.574
239.950	4.628
240.210	4.591
240.470	4.607
240.730	4.573
240.990	4.628
241.260	4.605
241.520	4.615
241.780	4.602
242.040	4.653
242.300	4.623
242.570	4.657
242.830	4.640
243.090	4.664
243.350	4.655
243.620	4.669
243.880	4.654
244.140	4.692
244.400	4.666
244.660	4.696
244.930	4.644
245.190	4.685
245.450	4.627
245.710	4.630
245.970	4.594
246.240	4.611
246.500	4.583
246.760	4.568
247.020	4.533
247.290	4.559
247.550	4.506
247.810	4.507
248.070	4.459
248.340	4.513
248.600	4.478
248.860	4.482
249.120	4.451
249.390	4.494
249.650	4.484
249.910	4.515
250.170	4.473
250.440	4.526
250.700	4.511
250.960	4.548
251.220	4.490
251.490	4.510
251.750	4.504
252.010	4.516
252.280	4.485
252.540	4.520
252.800	4.464
253.060	4.519
253.330	4.468
253.590	4.494
253.850	4.469
254.120	4.496
254.380	4.485
254.640	4.513
254.900	4.503
255.170	4.513
255.430	4.473
255.690	4.508
255.960	4.442
256.220	4.471
256.480	4.482
256.750	4.518
257.010	4.494
257.270	4.523
257.530	4.476
257.800	4.511
258.060	4.481
258.320	4.492
258.590	4.458
258.850	4.542
259.110	4.515
259.380	4.510
259.640	4.459
259.900	4.508
260.170	4.467
260.430	4.500
260.690	4.443
260.960	4.515
261.220	4.540
261.480	4.533
261.750	4.495
262.010	4.548
262.270	4.515
262.540	4.537
262.800	4.493
263.060	4.544
263.330	4.547
263.590	4.620
263.860	4.593
264.120	4.567
264.380	4.587
264.650	4.606
264.910	4.580
265.170	4.628
265.440	4.642
265.700	4.673
265.960	4.628
266.230	4.633
266.490	4.577
266.760	4.574
267.020	4.583
267.280	4.606
267.550	4.575
267.810	4.550
268.070	4.497
268.340	4.490
268.600	4.407
268.870	4.418
269.130	4.369
269.390	4.381
269.660	4.340
269.920	4.338
270.190	4.305
270.450	4.306
270.710	4.293
270.980	4.299
271.240	4.266
271.510	4.328
271.770	4.313
272.040	4.341
272.300	4.315
272.560	4.382
272.830	4.343
273.090	4.303
273.360	4.336
273.620	4.406
273.890	4.433
274.150	4.485
274.410	4.497
274.680	4.540
274.940	4.526
275.210	4.540
275.470	4.545
275.740	4.558
276.000	4.592
276.260	4.554
276.530	4.516
276.790	4.499
277.060	4.466
277.320	4.447
277.590	4.383
277.850	4.436
278.120	4.382
278.380	4.344
278.650	4.325
278.910	4.316
279.170	4.331
279.440	4.315
279.700	4.296
279.970	4.310
280.230	4.310
280.500	4.329
280.760	4.294
281.030	4.373
281.290	4.374
281.560	4.388
281.820	4.374
282.090	4.430
282.350	4.483
282.620	4.528
282.880	4.538
283.150	4.546
283.410	4.563
283.680	4.558
283.940	4.564
284.210	4.556
284.470	4.560
284.740	4.560
285.000	4.514
285.270	4.462
285.530	4.435
285.800	4.409
286.060	4.425
286.330	4.440
286.590	4.389
286.860	4.407
287.120	4.412
287.390	4.399
287.650	4.386
287.920	4.360
288.190	4.395
288.450	4.426
288.720	4.413
288.980	4.371
289.250	4.354
289.510	4.406
289.780	4.325
290.040	4.324
290.310	4.372
290.570	4.429
290.840	4.434
291.110	4.406
291.370	4.360
291.640	4.360
291.900	4.398
292.170	4.402
292.430	4.371
292.700	4.427
292.960	4.420
293.230	4.396
293.500	4.351
293.760	4.357
294.030	4.352
294.290	4.409
294.560	4.417
294.820	4.426
295.090	4.364
295.360	4.399
295.620	4.328
295.890	4.408
296.150	4.400
296.420	4.431
296.690	4.407
296.950	4.441
297.220	4.375
297.480	4.392
297.750	4.355
298.020	4.422
298.280	4.397
298.550	4.452
298.810	4.377
299.080	4.406
299.350	4.364
299.610	4.390
299.880	4.371
300.140	4.400
300.410	4.364
300.680	4.392
300.940	4.382
301.210	4.425
301.480	4.410
301.740	4.426
302.010	4.409
302.270	4.459
302.540	4.489
302.810	4.490
303.070	4.496
303.340	4.519
303.610	4.479
303.870	4.482
304.140	4.492
304.410	4.521
304.670	4.516
304.940	4.521
305.210	4.516
305.470	4.525
305.740	4.508
306.000	4.504
306.270	4.500
306.540	4.530
306.800	4.518
307.070	4.511
307.340	4.536
307.600	4.554
307.870	4.518
308.140	4.509
308.410	4.490
308.670	4.534
308.940	4.541
309.210	4.564
309.470	4.557
309.740	4.587
310.010	4.569
310.270	4.537
310.540	4.493
310.810	4.541
311.070	4.538
311.340	4.545
311.610	4.538
311.870	4.563
312.140	4.553
312.410	4.579
312.680	4.554
312.940	4.558
313.210	4.555
313.480	4.593
313.740	4.562
314.010	4.556
314.280	4.511
314.550	4.480
314.810	4.426
315.080	4.442
315.350	4.430
315.610	4.441
315.880	4.408
316.150	4.464
316.420	4.467
316.680	4.482
316.950	4.511
317.220	4.557
317.490	4.584
317.750	4.628
318.020	4.646
318.290	4.658
318.560	4.648
318.820	4.711
319.090	4.687
319.360	4.706
319.630	4.748
319.890	4.782
320.160	4.782
320.430	4.797
320.700	4.770
320.960	4.764
321.230	4.784
321.500	4.822
321.770	4.812
322.040	4.820
322.300	4.843
322.570	4.845
322.840	4.840
323.110	4.871
323.370	4.879
323.640	4.910
323.910	4.897
324.180	4.896
324.450	4.894
324.710	4.905
324.980	4.902
325.250	4.870
325.520	4.860
325.790	4.874
326.050	4.861
326.320	4.875
326.590	4.886
326.860	4.918
327.130	4.908
327.390	4.928
327.660	4.942
327.930	4.955
328.200	4.967
328.470	4.977
328.730	4.960
329.000	4.974
329.270	4.969
329.540	4.970
329.810	4.953
330.080	4.966
330.340	4.957
330.610	4.957
330.880	4.949
331.150	4.983
331.420	4.980
331.690	5.008
331.950	5.004
332.220	5.011
332.490	5.041
332.760	5.068
333.030	5.066
333.300	5.104
333.570	5.101
333.830	5.141
334.100	5.129
334.370	5.144
334.640	5.124
334.910	5.146
335.180	5.154
335.450	5.141
335.710	5.128
335.980	5.156
336.250	5.140
336.520	5.177
336.790	5.172
337.060	5.197
337.330	5.197
337.600	5.222
337.860	5.222
338.130	5.221
338.400	5.236
338.670	5.254
338.940	5.255
339.210	5.258
339.480	5.237
339.750	5.245
340.020	5.219
340.290	5.236
340.550	5.257
340.820	5.272
341.090	5.274
341.360	5.293
341.630	5.308
341.900	5.335
342.170	5.345
342.440	5.361
342.710	5.361
342.980	5.384
343.250	5.396
343.510	5.383
343.780	5.385
344.050	5.400
344.320	5.385
344.590	5.377
344.860	5.361
345.130	5.371
345.400	5.357
345.670	5.371
345.940	5.376
346.210	5.383
346.480	5.389
346.750	5.402
347.020	5.402
347.290	5.423
347.560	5.440
347.830	5.455
348.090	5.462
348.360	5.489
348.630	5.478
348.900	5.495
349.170	5.497
349.440	5.504
349.710	5.491
349.980	5.510
350.250	5.514
350.520	5.527
350.790	5.527
351.060	5.523
351.330	5.520
351.600	5.550
351.870	5.553
352.140	5.554
352.410	5.553
352.680	5.578
352.950	5.577
353.220	5.584
353.490	5.577
353.760	5.575
354.030	5.579
354.300	5.593
354.570	5.583
354.840	5.582
355.110	5.588
355.380	5.600
355.650	5.594
355.920	5.602
356.190	5.594
356.460	5.601
356.730	5.613
357.000	5.618
357.270	5.609
357.540	5.619
357.810	5.611
358.080	5.611
358.350	5.608
358.620	5.612
358.890	5.605
359.160	5.622
359.430	5.627
359.700	5.624
359.970	5.623
360.240	5.631
360.520	5.624
360.790	5.645
361.060	5.652
361.330	5.663
361.600	5.665
361.870	5.680
362.140	5.678
362.410	5.678
362.680	5.689
362.950	5.700
363.220	5.697
363.490	5.714
363.760	5.711
364.030	5.716
364.300	5.714
364.570	5.716
364.840	5.719
365.120	5.726
365.390	5.731
365.660	5.739
365.930	5.745
366.200	5.762
366.470	5.754
366.740	5.767
367.010	5.772
367.280	5.787
367.550	5.801
367.820	5.801
368.100	5.810
368.370	5.820
368.640	5.818
368.910	5.823
369.180	5.823
369.450	5.832
369.720	5.830
369.990	5.845
370.260	5.852
370.530	5.860
370.810	5.863
371.080	5.868
371.350	5.875
371.620	5.885
371.890	5.896
372.160	5.917
372.430	5.929
372.700	5.940
372.980	5.941
373.250	5.952
373.520	5.956
373.790	5.978
374.060	5.984
374.330	5.991
374.600	6.000
374.880	6.007
375.150	6.006
375.420	6.014
375.690	6.025
375.960	6.039
376.230	6.040
376.500	6.053
376.780	6.056
377.050	6.064
377.320	6.068
377.590	6.075
377.860	6.082
378.130	6.093
378.410	6.092
378.680	6.104
378.950	6.102
379.220	6.111
379.490	6.116
379.760	6.126
380.040	6.136
380.310	6.144
380.580	6.151
380.850	6.161
381.120	6.167
381.400	6.187
381.670	6.186
381.940	6.200
382.210	6.206
382.480	6.216
382.760	6.216
383.030	6.223
383.300	6.227
383.570	6.238
383.840	6.241
384.120	6.252
384.390	6.249
384.660	6.262
384.930	6.259
385.200	6.270
385.480	6.268
385.750	6.281
386.020	6.284
386.290	6.295
386.570	6.298
386.840	6.307
387.110	6.307
387.380	6.320
387.650	6.320
387.930	6.338
388.200	6.337
388.470	6.337
388.740	6.336
389.020	6.340
389.290	6.340
389.560	6.345
389.830	6.347
390.110	6.352
390.380	6.348
390.650	6.355
390.920	6.358
391.200	6.365
391.470	6.378
391.740	6.390
392.010	6.397
392.290	6.402
392.560	6.404
392.830	6.412
393.110	6.421
393.380	6.434
393.650	6.444
393.920	6.448
394.200	6.456
394.470	6.459
394.740	6.462
395.020	6.468
395.290	6.475
395.560	6.489
395.830	6.495
396.110	6.501
396.380	6.505
396.650	6.508
396.930	6.515
397.200	6.522
397.470	6.534
397.740	6.541
398.020	6.552
398.290	6.564
398.560	6.569
398.840	6.579
399.110	6.583
399.380	6.595
399.660	6.604
399.930	6.613
400.200	6.621
400.480	6.633
400.750	6.643
401.020	6.653
401.300	6.658
401.570	6.665
401.840	6.667
402.120	6.676
402.390	6.679
402.660	6.686
402.940	6.687
403.210	6.694
403.480	6.691
403.760	6.691
404.030	6.689
404.300	6.696
404.580	6.700
404.850	6.710
405.120	6.712
405.400	6.718
405.670	6.720
405.940	6.728
406.220	6.733
406.490	6.740
406.770	6.745
407.040	6.756
407.310	6.757
407.590	6.763
407.860	6.767
408.130	6.775
408.410	6.778
408.680	6.786
408.960	6.786
409.230	6.791
409.500	6.795
409.780	6.803
410.050	6.805
410.320	6.812
410.600	6.810
410.870	6.814
411.150	6.817
411.420	6.827
411.690	6.829
411.970	6.842
412.240	6.844
412.520	6.853
412.790	6.857
413.060	6.862
413.340	6.867
413.610	6.880
413.890	6.885
414.160	6.893
414.440	6.894
414.710	6.902
414.980	6.902
415.260	6.908
415.530	6.912
415.810	6.920
416.080	6.927
416.360	6.933
416.630	6.935
416.900	6.941
417.180	6.940
417.450	6.947
417.730	6.949
418.000	6.956
418.280	6.960
418.550	6.961
418.830	6.961
419.100	6.967
419.370	6.972
419.650	6.975
419.920	6.976
420.200	6.982
420.470	6.985
420.750	6.990
421.020	6.994
421.300	6.999
421.570	7.004
421.850	7.013
422.120	7.013
422.400	7.018
422.670	7.024
422.940	7.033
423.220	7.036
423.490	7.041
423.770	7.045
424.040	7.048
424.320	7.051
424.590	7.057
424.870	7.060
425.140	7.065
425.420	7.070
425.690	7.075
425.970	7.076
426.240	7.085
426.520	7.084
426.790	7.090
427.070	7.094
427.340	7.100
427.620	7.104
427.890	7.107
428.170	7.111
428.440	7.113
428.720	7.114
428.990	7.119
429.270	7.122
429.550	7.129
429.820	7.130
430.100	7.136
430.370	7.141
430.650	7.149
430.920	7.155
431.200	7.159
431.470	7.167
431.750	7.175
432.020	7.182
432.300	7.186
432.570	7.190
432.850	7.197
433.120	7.198
433.400	7.205
433.680	7.206
433.950	7.210
434.230	7.214
434.500	7.217
434.780	7.222
435.050	7.225
435.330	7.231
435.610	7.239
435.880	7.244
436.160	7.253
436.430	7.257
436.710	7.265
436.980	7.268
437.260	7.271
437.540	7.277
437.810	7.284
438.090	7.289
438.360	7.296
438.640	7.297
438.910	7.302
439.190	7.307
439.470	7.310
439.740	7.317
440.020	7.325
440.290	7.330
440.570	7.334
440.850	7.334
441.120	7.341
441.400	7.343
441.670	7.348
441.950	7.352
442.230	7.358
442.500	7.361
442.780	7.362
443.050	7.364
443.330	7.371
443.610	7.374
443.880	7.379
444.160	7.381
444.440	7.387
444.710	7.390
444.990	7.394
445.260	7.397
445.540	7.401
445.820	7.406
446.090	7.412
446.370	7.415
446.650	7.422
446.920	7.428
447.200	7.434
447.480	7.438
447.750	7.446
448.030	7.452
448.310	7.457
448.580	7.463
448.860	7.468
449.140	7.472
449.410	7.476
449.690	7.478
449.960	7.481
450.240	7.484
450.520	7.490
450.790	7.490
451.070	7.494
451.350	7.499
451.630	7.504
451.900	7.510
452.180	7.515
452.460	7.520
452.730	7.526
453.010	7.530
453.290	7.537
453.560	7.539
453.840	7.548
454.120	7.552
454.390	7.556
454.670	7.560
454.950	7.562
455.220	7.566
455.500	7.570
455.780	7.572
456.060	7.577
456.330	7.578
456.610	7.582
456.890	7.584
457.160	7.589
457.440	7.591
457.720	7.597
458.000	7.599
458.270	7.604
458.550	7.604
458.830	7.610
459.100	7.613
459.380	7.617
459.660	7.620
459.940	7.623
460.210	7.624
460.490	7.626
460.770	7.628
461.050	7.634
461.320	7.633
461.600	7.639
461.880	7.639
462.160	7.642
462.430	7.646
462.710	7.649
462.990	7.651
463.270	7.653
463.540	7.656
463.820	7.657
464.100	7.657
464.380	7.661
464.650	7.661
464.930	7.668
465.210	7.670
465.490	7.672
465.760	7.675
466.040	7.678
466.320	7.682
466.600	7.686
466.880	7.689
467.150	7.694
467.430	7.697
467.710	7.701
467.990	7.702
468.260	7.705
468.540	7.708
468.820	7.710
469.100	7.714
469.380	7.719
469.650	7.723
469.930	7.727
470.210	7.728
470.490	7.732
470.770	7.733
471.040	7.737
471.320	7.739
471.600	7.743
471.880	7.746
472.160	7.750
472.440	7.749
472.710	7.753
472.990	7.753
473.270	7.759
473.550	7.761
473.830	7.767
474.100	7.770
474.380	7.773
474.660	7.777
474.940	7.781
475.220	7.784
475.500	7.790
475.770	7.793
476.050	7.798
476.330	7.801
476.610	7.806
476.890	7.811
477.170	7.815
477.450	7.820
477.720	7.825
478.000	7.828
478.280	7.832
478.560	7.834
478.840	7.840
479.120	7.844
479.400	7.848
479.670	7.851
479.950	7.853
480.230	7.858
480.510	7.862
480.790	7.864
481.070	7.870
481.350	7.874
481.630	7.878
481.900	7.881
482.180	7.886
482.460	7.889
482.740	7.894
483.020	7.899
483.300	7.904
483.580	7.907
483.860	7.912
484.140	7.914
484.410	7.920
484.690	7.924
484.970	7.929
485.250	7.932
485.530	7.936
485.810	7.940
486.090	7.944
486.370	7.945
486.650	7.950
486.930	7.953
487.210	7.958
487.480	7.960
487.760	7.965
488.040	7.968
488.320	7.972
488.600	7.976
488.880	7.979
489.160	7.981
489.440	7.985
489.720	7.987
490.000	7.991
490.280	7.994
490.560	7.997
490.840	7.999
491.120	8.003
491.400	8.004
491.670	8.007
491.950	8.009
492.230	8.013
492.510	8.015
492.790	8.018
493.070	8.020
493.350	8.024
493.630	8.026
493.910	8.029
494.190	8.031
494.470	8.036
494.750	8.038
495.030	8.040
495.310	8.041
495.590	8.044
495.870	8.045
496.150	8.048
496.430	8.047
496.710	8.049
496.990	8.049
497.270	8.050
497.550	8.049
497.830	8.051
498.110	8.053
498.390	8.055
498.670	8.056
498.950	8.059
499.230	8.061
499.510	8.063
499.790	8.065
500.070	8.067
500.350	8.069
500.630	8.071
500.910	8.073
501.190	8.075
501.470	8.077
501.750	8.080
502.030	8.082
502.310	8.084
502.590	8.086
502.870	8.090
503.150	8.092
503.430	8.095
503.710	8.098
503.990	8.099
504.270	8.101
504.550	8.103
504.830	8.106
505.110	8.110
505.390	8.112
505.670	8.115
505.950	8.117
506.230	8.119
506.510	8.121
506.790	8.125
507.080	8.128
507.360	8.130
507.640	8.132
507.920	8.134
508.200	8.135
508.480	8.136
508.760	8.138
509.040	8.140
509.320	8.143
509.600	8.145
509.880	8.146
510.160	8.148
510.440	8.150
510.720	8.152
511.000	8.153
511.290	8.155
511.570	8.157
511.850	8.161
512.130	8.163
512.410	8.166
512.690	8.169
512.970	8.171
513.250	8.173
513.530	8.176
513.810	8.179
514.090	8.180
514.380	8.183
514.660	8.185
514.940	8.186
515.220	8.187
515.500	8.189
515.780	8.190
516.060	8.192
516.340	8.195
516.620	8.196
516.910	8.197
517.190	8.200
517.470	8.201
517.750	8.202
518.030	8.206
518.310	8.206
518.590	8.208
518.870	8.210
519.160	8.212
519.440	8.213
519.720	8.215
520.000	8.217
520.280	8.220
520.560	8.222
520.840	8.224
521.130	8.225
521.410	8.228
521.690	8.229
521.970	8.232
522.250	8.233
522.530	8.236
522.810	8.238
523.100	8.241
523.380	8.242
523.660	8.242
523.940	8.244
524.220	8.245
524.500	8.248
524.790	8.250
525.070	8.251
525.350	8.253
525.630	8.253
525.910	8.253
526.200	8.253
526.480	8.255
526.760	8.258
527.040	8.260
527.320	8.262
527.600	8.264
527.890	8.265
528.170	8.267
528.450	8.269
528.730	8.271
529.010	8.274
529.300	8.276
529.580	8.278
529.860	8.279
530.140	8.280
530.420	8.281
530.710	8.282
530.990	8.283
531.270	8.284
531.550	8.286
531.840	8.287
532.120	8.288
532.400	8.290
532.680	8.290
532.960	8.292
533.250	8.294
533.530	8.296
533.810	8.298
534.090	8.300
534.380	8.302
534.660	8.303
534.940	8.304
535.220	8.306
535.510	8.307
535.790	8.308
536.070	8.308
536.350	8.309
536.640	8.310
536.920	8.310
537.200	8.311
537.480	8.312
537.770	8.313
538.050	8.313
538.330	8.314
538.610	8.315
538.900	8.317
539.180	8.317
539.460	8.319
539.740	8.319
540.030	8.319
540.310	8.320
540.590	8.321
540.880	8.321
541.160	8.321
541.440	8.320
541.720	8.322
542.010	8.323
542.290	8.323
542.570	8.324
542.860	8.325
543.140	8.326
543.420	8.326
543.700	8.326
543.990	8.328
544.270	8.328
544.550	8.330
544.840	8.329
545.120	8.330
545.400	8.330
545.690	8.331
545.970	8.330
546.250	8.331
546.540	8.331
546.820	8.331
547.100	8.332
547.390	8.333
547.670	8.333
547.950	8.334
548.230	8.335
548.520	8.337
548.800	8.338
549.080	8.340
549.370	8.342
549.650	8.344
549.930	8.344
550.220	8.346
550.500	8.347
550.790	8.349
551.070	8.349
551.350	8.349
551.640	8.350
551.920	8.350
552.200	8.349
552.490	8.349
552.770	8.350
553.050	8.352
553.340	8.352
553.620	8.354
553.900	8.355
554.190	8.357
554.470	8.358
554.760	8.359
555.040	8.360
555.320	8.362
555.610	8.365
555.890	8.366
556.170	8.368
556.460	8.370
556.740	8.370
557.030	8.372
557.310	8.372
557.590	8.375
557.880	8.378
558.160	8.381
558.450	8.383
558.730	8.385
559.010	8.385
559.300	8.385
559.580	8.384
559.870	8.387
560.150	8.387
560.430	8.388
560.720	8.389
561.000	8.389
561.290	8.390
561.570	8.390
561.850	8.389
562.140	8.391
562.420	8.391
562.710	8.392
562.990	8.391
563.280	8.392
563.560	8.391
563.840	8.392
564.130	8.392
564.410	8.393
564.700	8.394
564.980	8.396
565.270	8.397
565.550	8.399
565.840	8.401
566.120	8.401
566.400	8.403
566.690	8.405
566.970	8.407
567.260	8.407
567.540	8.407
567.830	8.408
568.110	8.408
568.400	8.409
568.680	8.409
568.970	8.410
569.250	8.411
569.540	8.411
569.820	8.412
570.100	8.413
570.390	8.413
570.670	8.415
570.960	8.414
571.240	8.416
571.530	8.416
571.810	8.417
572.100	8.417
572.380	8.417
572.670	8.418
572.950	8.417
573.240	8.417
573.520	8.418
573.810	8.418
574.090	8.419
574.380	8.419
574.660	8.420
574.950	8.422
575.230	8.422
575.520	8.423
575.800	8.424
576.090	8.425
576.370	8.426
576.660	8.427
576.940	8.428
577.230	8.428
577.510	8.429
577.800	8.430
578.090	8.431
578.370	8.432
578.660	8.433
578.940	8.435
579.230	8.438
579.510	8.437
579.800	8.438
580.080	8.439
580.370	8.440
580.650	8.441
580.940	8.442
581.220	8.444
581.510	8.445
581.800	8.446
582.080	8.446
582.370	8.445
582.650	8.448
582.940	8.448
583.220	8.449
583.510	8.450
583.800	8.451
584.080	8.451
584.370	8.452
584.650	8.453
584.940	8.453
585.220	8.452
585.510	8.454
585.800	8.453
586.080	8.453
586.370	8.455
586.650	8.457
586.940	8.458
587.220	8.459
587.510	8.460
587.800	8.461
588.080	8.462
588.370	8.464
588.650	8.464
588.940	8.465
589.230	8.466
589.510	8.466
589.800	8.466
590.080	8.467
590.370	8.467
590.660	8.467
590.940	8.467
591.230	8.468
591.510	8.469
591.800	8.470
592.090	8.471
592.370	8.472
592.660	8.472
592.950	8.473
593.230	8.474
593.520	8.475
593.800	8.476
594.090	8.477
594.380	8.478
594.660	8.478
594.950	8.477
595.240	8.480
595.520	8.479
595.810	8.480
596.100	8.481
596.380	8.481
596.670	8.480
596.960	8.480
597.240	8.480
597.530	8.480
597.820	8.481
598.100	8.482
598.390	8.481
598.680	8.481
598.960	8.482
599.250	8.482
599.540	8.482
599.820	8.483
600.110	8.483
600.400	8.483
600.680	8.483
600.970	8.483
601.260	8.483
601.540	8.483
601.830	8.483
602.120	8.484
602.400	8.484
602.690	8.484
602.980	8.484
603.260	8.485
603.550	8.485
603.840	8.488
604.130	8.488
604.410	8.490
604.700	8.491
604.990	8.491
605.270	8.491
605.560	8.491
605.850	8.493
606.130	8.495
606.420	8.496
606.710	8.496
607.000	8.495
607.280	8.497
607.570	8.497
607.860	8.499
608.150	8.499
608.430	8.500
608.720	8.502
609.010	8.503
609.290	8.503
609.580	8.504
609.870	8.505
610.160	8.507
610.440	8.507
610.730	8.509
611.020	8.510
611.310	8.512
611.590	8.512
611.880	8.513
612.170	8.513
612.460	8.513
612.740	8.512
613.030	8.512
613.320	8.511
613.610	8.510
613.890	8.509
614.180	8.508
614.470	8.507
614.760	8.506
615.050	8.504
615.330	8.503
615.620	8.502
615.910	8.502
616.200	8.500
616.480	8.500
616.770	8.500
617.060	8.501
617.350	8.499
617.640	8.498
617.920	8.498
618.210	8.499
618.500	8.499
618.790	8.498
619.080	8.497
619.360	8.497
619.650	8.498
619.940	8.498
620.230	8.497
620.520	8.499
620.800	8.499
621.090	8.500
621.380	8.499
621.670	8.499
621.960	8.501
622.240	8.502
622.530	8.503
622.820	8.505
623.110	8.506
623.400	8.506
623.690	8.505
623.970	8.506
624.260	8.508
624.550	8.509
624.840	8.511
625.130	8.512
625.420	8.514
625.700	8.513
625.990	8.513
626.280	8.513
626.570	8.514
626.860	8.515
627.150	8.516
627.440	8.515
627.720	8.515
628.010	8.515
628.300	8.515
628.590	8.515
628.880	8.516
629.170	8.516
629.460	8.517
629.740	8.518
630.030	8.516
630.320	8.517
630.610	8.519
630.900	8.520
631.190	8.521
631.480	8.522
631.770	8.522
632.050	8.523
632.340	8.523
632.630	8.523
632.920	8.521
633.210	8.522
633.500	8.521
633.790	8.520
634.080	8.519
634.370	8.518
634.650	8.516
634.940	8.515
635.230	8.514
635.520	8.514
635.810	8.512
636.100	8.512
636.390	8.512
636.680	8.512
636.970	8.513
637.260	8.515
637.550	8.516
637.840	8.517
638.120	8.517
638.410	8.518
638.700	8.518
638.990	8.521
639.280	8.522
639.570	8.521
639.860	8.521
640.150	8.521
640.440	8.519
640.730	8.519
641.020	8.519
641.310	8.519
641.600	8.520
641.890	8.521
642.180	8.520
642.470	8.520
642.750	8.521
643.040	8.521
643.330	8.520
643.620	8.521
643.910	8.520
644.200	8.518
644.490	8.518
644.780	8.516
645.070	8.512
645.360	8.511
645.650	8.510
645.940	8.509
646.230	8.509
646.520	8.510
646.810	8.510
647.100	8.511
647.390	8.511
647.680	8.511
647.970	8.511
648.260	8.512
648.550	8.512
648.840	8.512
649.130	8.511
649.420	8.510
649.710	8.508
650.000	8.507
650.290	8.506
650.580	8.505
650.870	8.504
651.160	8.504
651.450	8.503
651.740	8.502
652.030	8.501
652.320	8.499
652.610	8.498
652.900	8.497
653.190	8.495
653.480	8.494
653.770	8.492
654.060	8.491
654.350	8.490
654.640	8.489
654.930	8.488
655.220	8.487
655.510	8.486
655.800	8.485
656.090	8.484
656.380	8.484
656.680	8.482
656.970	8.482
657.260	8.482
657.550	8.481
657.840	8.478
658.130	8.477
658.420	8.475
658.710	8.474
659.000	8.472
659.290	8.471
659.580	8.470
659.870	8.470
660.160	8.468
660.450	8.467
660.740	8.466
661.030	8.466
661.320	8.466
661.620	8.465
661.910	8.464
662.200	8.463
662.490	8.462
662.780	8.462
663.070	8.459
663.360	8.458
663.650	8.457
663.940	8.455
664.230	8.453
664.520	8.452
664.820	8.451
665.110	8.451
665.400	8.449
665.690	8.446
665.980	8.444
666.270	8.444
666.560	8.443
666.850	8.441
667.140	8.439
667.440	8.438
667.730	8.435
668.020	8.434
668.310	8.431
668.600	8.430
668.890	8.429
669.180	8.428
669.470	8.427
669.770	8.426
670.060	8.424
670.350	8.424
670.640	8.424
670.930	8.424
671.220	8.423
671.510	8.422
671.800	8.421
672.100	8.421
672.390	8.419
672.680	8.418
672.970	8.417
673.260	8.417
673.550	8.416
673.850	8.415
674.140	8.414
674.430	8.413
674.720	8.412
675.010	8.413
675.300	8.412
675.600	8.411
675.890	8.411
676.180	8.411
676.470	8.411
676.760	8.410
677.050	8.409
677.350	8.410
677.640	8.411
677.930	8.411
678.220	8.410
678.510	8.410
678.800	8.410
679.100	8.411
679.390	8.409
679.680	8.408
679.970	8.408
680.260	8.408
680.560	8.406
680.850	8.405
681.140	8.404
681.430	8.403
681.720	8.402
682.020	8.401
682.310	8.400
682.600	8.400
682.890	8.400
683.190	8.398
683.480	8.397
683.770	8.395
684.060	8.394
684.350	8.392
684.650	8.390
684.940	8.390
685.230	8.389
685.520	8.386
685.820	8.384
686.110	8.382
686.400	8.380
686.690	8.378
686.990	8.376
687.280	8.374
687.570	8.371
687.860	8.371
688.160	8.368
688.450	8.365
688.740	8.364
689.030	8.363
689.330	8.359
689.620	8.359
689.910	8.357
690.200	8.357
690.500	8.355
690.790	8.356
691.080	8.354
691.370	8.351
691.670	8.350
691.960	8.349
692.250	8.348
692.550	8.348
692.840	8.346
693.130	8.345
693.420	8.344
693.720	8.344
694.010	8.341
694.300	8.340
694.600	8.340
694.890	8.339
695.180	8.337
695.470	8.335
695.770	8.333
696.060	8.332
696.350	8.329
696.650	8.329
696.940	8.326
697.230	8.326
697.530	8.325
697.820	8.325
698.110	8.323
698.400	8.322
698.700	8.322
698.990	8.321
699.280	8.320
699.580	8.320
699.870	8.318
700.160	8.318
700.460	8.316
700.750	8.315
701.040	8.314
701.340	8.312
701.630	8.311
701.920	8.309
702.220	8.307
702.510	8.306
702.800	8.303
703.100	8.301
703.390	8.299
703.690	8.299
703.980	8.296
704.270	8.294
704.570	8.293
704.860	8.291
705.150	8.289
705.450	8.288
705.740	8.287
706.030	8.287
706.330	8.286
706.620	8.286
706.910	8.285
707.210	8.285
707.500	8.286
707.800	8.286
708.090	8.287
708.380	8.287
708.680	8.287
708.970	8.287
709.270	8.286
709.560	8.284
709.850	8.282
710.150	8.282
710.440	8.281
710.730	8.280
711.030	8.278
711.320	8.278
711.620	8.277
711.910	8.276
712.200	8.274
712.500	8.274
712.790	8.274
713.090	8.273
713.380	8.271
713.680	8.269
713.970	8.267
714.260	8.264
714.560	8.260
714.850	8.256
715.150	8.254
715.440	8.252
715.730	8.250
716.030	8.249
716.320	8.247
716.620	8.244
716.910	8.242
717.210	8.242
717.500	8.240
717.800	8.240
718.090	8.239
718.380	8.237
718.680	8.236
718.970	8.234
719.270	8.231
719.560	8.229
719.860	8.228
720.150	8.227
720.450	8.225
720.740	8.224
721.040	8.221
721.330	8.221
721.620	8.218
721.920	8.217
722.210	8.215
722.510	8.215
722.800	8.213
723.100	8.213
723.390	8.211
723.690	8.211
723.980	8.209
724.280	8.209
724.570	8.206
724.870	8.206
725.160	8.204
725.460	8.205
725.750	8.204
726.050	8.203
726.340	8.201
726.640	8.199
726.930	8.195
727.230	8.193
727.520	8.190
727.820	8.190
728.110	8.188
728.410	8.187
728.700	8.186
729.000	8.184
729.290	8.181
729.590	8.180
729.880	8.181
730.180	8.183
730.470	8.183
730.770	8.182
731.060	8.181
731.360	8.180
731.650	8.178
731.950	8.176
732.240	8.174
732.540	8.175
732.840	8.172
733.130	8.170
733.430	8.167
733.720	8.168
734.020	8.166
734.310	8.164
734.610	8.163
734.900	8.163
735.200	8.161
735.490	8.160
735.790	8.157
736.090	8.156
736.380	8.154
736.680	8.152
736.970	8.147
737.270	8.145
737.560	8.143
737.860	8.141
738.160	8.138
738.450	8.137
738.750	8.134
739.040	8.134
739.340	8.130
739.630	8.128
739.930	8.127
740.230	8.127
740.520	8.126
740.820	8.126
741.110	8.125
741.410	8.123
741.710	8.122
742.000	8.121
742.300	8.120
742.590	8.121
742.890	8.119
743.190	8.119
743.480	8.116
743.780	8.114
744.070	8.113
744.370	8.111
744.670	8.110
744.960	8.109
745.260	8.107
745.550	8.106
745.850	8.103
746.150	8.103
746.440	8.101
746.740	8.101
747.040	8.099
747.330	8.098
747.630	8.096
747.930	8.094
748.220	8.090
748.520	8.087
748.810	8.082
749.110	8.082
749.410	8.078
749.700	8.075
750.000	8.071
750.300	8.070
750.590	8.068
750.890	8.067
751.190	8.065
751.480	8.065
751.780	8.064
752.080	8.063
752.370	8.061
752.670	8.063
752.970	8.063
753.260	8.062
753.560	8.061
753.860	8.060
754.150	8.059
754.450	8.058
754.750	8.058
755.040	8.058
755.340	8.057
755.640	8.055
755.930	8.052
756.230	8.050
756.530	8.050
756.820	8.048
757.120	8.045
757.420	8.044
757.720	8.042
758.010	8.041
758.310	8.038
758.610	8.036
758.900	8.033
759.200	8.031
759.500	8.026
759.790	8.024
760.090	8.019
760.390	8.015
760.690	8.009
760.980	8.007
761.280	8.004
761.580	8.002
761.870	8.000
762.170	7.999
762.470	7.996
762.770	7.996
763.060	7.993
763.360	7.993
763.660	7.993
763.960	7.993
764.250	7.992
764.550	7.990
764.850	7.989
765.150	7.987
765.440	7.985
765.740	7.985
766.040	7.983
766.340	7.983
766.630	7.982
766.930	7.981
767.230	7.981
767.530	7.980
767.820	7.979
768.120	7.978
768.420	7.977
768.720	7.976
769.010	7.973
769.310	7.973
769.610	7.971
769.910	7.968
770.210	7.966
770.500	7.965
770.800	7.962
771.100	7.961
771.400	7.958
771.690	7.958
771.990	7.956
772.290	7.957
772.590	7.955
772.890	7.954
773.180	7.954
773.480	7.953
773.780	7.950
774.080	7.947
774.380	7.944
774.670	7.941
774.970	7.936
775.270	7.935
775.570	7.929
775.870	7.927
776.160	7.922
776.460	7.915
776.760	7.911
777.060	7.908
777.360	7.904
777.660	7.898
777.950	7.894
778.250	7.891
778.550	7.886
778.850	7.884
779.150	7.880
779.450	7.878
779.740	7.879
780.040	7.879
780.340	7.877
780.640	7.878
780.940	7.880
781.240	7.880
781.530	7.880
781.830	7.880
782.130	7.879
782.430	7.880
782.730	7.880
783.030	7.878
783.330	7.877
783.620	7.875
783.920	7.872
784.220	7.871
784.520	7.868
784.820	7.868
785.120	7.866
785.420	7.867
785.720	7.863
786.010	7.861
786.310	7.860
786.610	7.857
786.910	7.855
787.210	7.853
787.510	7.850
787.810	7.848
788.110	7.844
788.400	7.843
788.700	7.839
789.000	7.838
789.300	7.836
789.600	7.835
789.900	7.835
790.200	7.834
790.500	7.835
790.800	7.835
791.100	7.833
791.390	7.833
791.690	7.830
791.990	7.831
792.290	7.828
792.590	7.826
792.890	7.824
793.190	7.821
793.490	7.819
793.790	7.817
794.090	7.812
794.390	7.812
794.690	7.808
794.990	7.805
795.290	7.803
795.580	7.802
795.880	7.800
796.180	7.798
796.480	7.797
796.780	7.796
797.080	7.793
797.380	7.797
797.680	7.795
797.980	7.796
798.280	7.796
798.580	7.793
798.880	7.792
799.180	7.791
799.480	7.791
799.780	7.789
800.080	7.787
800.380	7.785
800.680	7.782
800.980	7.780
801.280	7.778
801.580	7.777
801.880	7.776
802.180	7.776
802.480	7.774
802.780	7.771
803.080	7.768
803.380	7.765
803.670	7.760
803.970	7.756
804.270	7.754
804.570	7.751
804.870	7.745
805.170	7.744
805.470	7.737
805.770	7.733
806.070	7.730
806.370	7.728
806.670	7.724
806.970	7.722
807.280	7.720
807.580	7.717
807.880	7.713
808.180	7.712
808.480	7.708
808.780	7.709
809.080	7.707
809.380	7.706
809.680	7.704
809.980	7.704
810.280	7.702
810.580	7.700
810.880	7.699
811.180	7.700
811.480	7.698
811.780	7.695
812.080	7.691
812.380	7.689
812.680	7.684
812.980	7.681
813.280	7.678
813.580	7.680
813.880	7.677
814.180	7.672
814.480	7.667
814.780	7.666
815.080	7.660
815.390	7.657
815.690	7.653
815.990	7.650
816.290	7.645
816.590	7.641
816.890	7.632
817.190	7.627
817.490	7.624
817.790	7.620
818.090	7.614
818.390	7.611
818.690	7.607
818.990	7.602
819.300	7.596
819.600	7.594
819.900	7.588
820.200	7.586
820.500	7.580
820.800	7.578
821.100	7.573
821.400	7.568
821.700	7.564
822.000	7.562
822.310	7.559
822.610	7.557
822.910	7.555
823.210	7.555
823.510	7.554
823.810	7.553
824.110	7.550
824.410	7.548
824.710	7.546
825.020	7.545
825.320	7.541
825.620	7.541
825.920	7.538
826.220	7.537
826.520	7.535
826.820	7.530
827.120	7.527
827.430	7.525
827.730	7.524
828.030	7.524
828.330	7.526
828.630	7.525
828.930	7.521
829.230	7.520
829.540	7.517
829.840	7.515
830.140	7.512
830.440	7.510
830.740	7.507
831.040	7.505
831.350	7.501
831.650	7.498
831.950	7.494
832.250	7.493
832.550	7.489
832.850	7.487
833.160	7.485
833.460	7.484
833.760	7.482
834.060	7.479
834.360	7.476
834.670	7.474
834.970	7.471
835.270	7.467
835.570	7.465
835.870	7.464
836.170	7.461
836.480	7.458
836.780	7.456
837.080	7.455
837.380	7.453
837.680	7.451
837.990	7.450
838.290	7.450
838.590	7.449
838.890	7.446
839.190	7.443
839.500	7.439
839.800	7.436
840.100	7.433
840.400	7.430
840.710	7.427
841.010	7.423
841.310	7.419
841.610	7.412
841.910	7.409
842.220	7.404
842.520	7.402
842.820	7.399
843.120	7.396
843.430	7.391
843.730	7.386
844.030	7.380
844.330	7.376
844.640	7.371
844.940	7.369
845.240	7.367
845.540	7.364
845.850	7.357
846.150	7.358
846.450	7.355
846.750	7.351
847.060	7.348
847.360	7.347
847.660	7.344
847.960	7.341
848.270	7.335
848.570	7.329
848.870	7.323
849.180	7.320
849.480	7.312
849.780	7.306
850.080	7.303
850.390	7.296
850.690	7.288
850.990	7.281
851.300	7.271
851.600	7.267
851.900	7.260
852.200	7.255
852.510	7.246
852.810	7.240
853.110	7.233
853.420	7.228
853.720	7.223
854.020	7.218
854.330	7.213
854.630	7.212
854.930	7.204
855.230	7.200
855.540	7.198
855.840	7.196
856.140	7.191
856.450	7.190
856.750	7.186
857.050	7.183
857.360	7.178
857.660	7.172
857.960	7.166
858.270	7.167
858.570	7.165
858.870	7.158
859.180	7.154
859.480	7.151
859.780	7.143
860.090	7.140
860.390	7.136
860.690	7.134
861.000	7.133
861.300	7.130
861.600	7.123
861.910	7.121
862.210	7.119
862.520	7.116
862.820	7.113
863.120	7.110
863.430	7.105
863.730	7.102
864.030	7.098
864.340	7.095
864.640	7.091
864.940	7.088
865.250	7.081
865.550	7.075
865.860	7.069
866.160	7.065
866.460	7.061
866.770	7.061
867.070	7.057
867.380	7.053
867.680	7.046
867.980	7.045
868.290	7.039
868.590	7.038
868.900	7.035
869.200	7.033
869.500	7.028
869.810	7.022
870.110	7.014
870.420	7.009
870.720	7.005
871.020	7.003
871.330	6.994
871.630	6.993
871.940	6.986
872.240	6.981
872.540	6.976
872.850	6.974
873.150	6.969
873.460	6.963
873.760	6.959
874.070	6.958
874.370	6.948
874.670	6.947
874.980	6.941
875.280	6.936
875.590	6.935
875.890	6.929
876.200	6.918
876.500	6.919
876.810	6.912
877.110	6.904
877.410	6.893
877.720	6.887
878.020	6.879
878.330	6.871
878.630	6.863
878.940	6.855
879.240	6.850
879.550	6.846
879.850	6.836
880.160	6.839
880.460	6.838
880.770	6.836
881.070	6.833
881.370	6.831
881.680	6.828
881.980	6.825
882.290	6.818
882.590	6.813
882.900	6.811
883.200	6.808
883.510	6.798
883.810	6.792
884.120	6.788
884.420	6.788
884.730	6.783
885.030	6.778
885.340	6.777
885.640	6.780
885.950	6.778
886.250	6.774
886.560	6.773
886.860	6.773
887.170	6.769
887.470	6.766
887.780	6.755
888.080	6.755
888.390	6.752
888.690	6.749
889.000	6.740
889.310	6.734
889.610	6.730
889.920	6.726
890.220	6.720
890.530	6.720
890.830	6.715
891.140	6.715
891.440	6.708
891.750	6.701
892.050	6.694
892.360	6.693
892.660	6.688
892.970	6.686
893.280	6.679
893.580	6.675
893.890	6.669
894.190	6.663
894.500	6.659
894.800	6.659
895.110	6.659
895.410	6.661
895.720	6.653
896.030	6.657
896.330	6.653
896.640	6.651
896.940	6.647
897.250	6.648
897.550	6.647
897.860	6.651
898.170	6.648
898.470	6.648
898.780	6.644
899.080	6.648
899.390	6.643
899.700	6.644
900.000	6.639
900.310	6.642
900.610	6.638
900.920	6.637
901.230	6.634
901.530	6.635
901.840	6.636
902.140	6.640
902.450	6.641
902.760	6.646
903.060	6.646
903.370	6.656
903.670	6.653
903.980	6.660
904.290	6.661
904.590	6.663
904.900	6.665
905.200	6.665
905.510	6.662
905.820	6.665
906.120	6.665
906.430	6.670
906.740	6.672
907.040	6.679
907.350	6.676
907.660	6.683
907.960	6.683
908.270	6.689
908.570	6.692
908.880	6.698
909.190	6.703
909.490	6.705
909.800	6.707
910.110	6.709
910.410	6.709
910.720	6.716
911.030	6.716
911.330	6.723
911.640	6.722
911.950	6.722
912.250	6.723
912.560	6.721
912.870	6.722
913.170	6.724
913.480	6.727
913.790	6.730
914.090	6.735
914.400	6.740
914.710	6.742
915.010	6.748
915.320	6.752
915.630	6.761
915.930	6.764
916.240	6.769
916.550	6.774
916.860	6.774
917.160	6.782
917.470	6.782
917.780	6.781
918.080	6.780
918.390	6.775
918.700	6.774
919.010	6.768
919.310	6.766
919.620	6.764
919.930	6.755
920.230	6.752
920.540	6.744
920.850	6.736
921.160	6.736
921.460	6.735
921.770	6.739
922.080	6.736
922.380	6.736
922.690	6.733
923.000	6.730
923.310	6.731
923.610	6.726
923.920	6.728
924.230	6.734
924.540	6.730
924.840	6.726
925.150	6.716
925.460	6.716
925.770	6.710
926.070	6.713
926.380	6.712
926.690	6.714
927.000	6.714
927.300	6.709
927.610	6.703
927.920	6.705
928.230	6.700
928.530	6.699
928.840	6.697
929.150	6.699
929.460	6.691
929.770	6.687
930.070	6.679
930.380	6.676
930.690	6.668
931.000	6.664
931.300	6.653
931.610	6.652
931.920	6.646
932.230	6.636
932.540	6.626
932.840	6.627
933.150	6.619
933.460	6.617
933.770	6.609
934.080	6.602
934.380	6.590
934.690	6.584
935.000	6.569
935.310	6.560
935.620	6.551
935.920	6.543
936.230	6.524
936.540	6.508
936.850	6.490
937.160	6.478
937.470	6.462
937.770	6.456
938.080	6.441
938.390	6.431
938.700	6.417
939.010	6.410
939.310	6.393
939.620	6.382
939.930	6.372
940.240	6.368
940.550	6.360
940.860	6.359
941.170	6.346
941.470	6.335
941.780	6.322
942.090	6.313
942.400	6.297
942.710	6.288
943.020	6.279
943.330	6.276
943.630	6.260
943.940	6.250
944.250	6.235
944.560	6.225
944.870	6.218
945.180	6.219
945.490	6.214
945.790	6.211
946.100	6.205
946.410	6.202
946.720	6.191
947.030	6.186
947.340	6.172
947.650	6.169
947.960	6.165
948.270	6.161
948.570	6.152
948.880	6.152
949.190	6.144
949.500	6.142
949.810	6.133
950.120	6.131
950.430	6.134
950.740	6.144
951.050	6.134
951.360	6.139
951.660	6.134
951.970	6.133
952.280	6.114
952.590	6.115
952.900	6.109
953.210	6.110
953.520	6.106
953.830	6.099
954.140	6.089
954.450	6.097
954.760	6.084
955.070	6.088
955.370	6.089
955.680	6.099
955.990	6.096
956.300	6.100
956.610	6.089
956.920	6.086
957.230	6.080
957.540	6.081
957.850	6.077
958.160	6.074
958.470	6.063
958.780	6.058
959.090	6.054
959.400	6.053
959.710	6.048
960.020	6.061
960.330	6.055
960.640	6.061
960.950	6.059
961.260	6.058
961.570	6.055
961.880	6.072
962.180	6.064
962.490	6.072
962.800	6.074
963.110	6.075
963.420	6.070
963.730	6.079
964.040	6.077
964.350	6.074
964.660	6.066
964.970	6.068
965.280	6.050
965.590	6.055
965.900	6.045
966.210	6.037
966.520	6.036
966.830	6.026
967.140	6.019
967.450	6.014
967.760	6.012
968.070	6.013
968.380	6.002
968.690	6.008
969.000	5.999
969.310	5.997
969.620	5.989
969.930	5.983
970.240	5.964
970.560	5.960
970.870	5.952
971.180	5.941
971.490	5.942
971.800	5.938
972.110	5.919
972.420	5.919
972.730	5.909
973.040	5.913
973.350	5.902
973.660	5.906
973.970	5.898
974.280	5.890
974.590	5.882
974.900	5.868
975.210	5.861
975.520	5.863
975.830	5.852
976.140	5.848
976.450	5.838
976.760	5.843
977.070	5.843
977.390	5.846
977.700	5.849
978.010	5.856
978.320	5.857
978.630	5.869
978.940	5.861
979.250	5.865
979.560	5.860
979.870	5.855
980.180	5.845
980.490	5.855
980.800	5.847
981.120	5.844
981.430	5.842
981.740	5.843
982.050	5.823
982.360	5.831
982.670	5.823
982.980	5.827
983.290	5.823
983.600	5.820
983.910	5.800
984.230	5.811
984.540	5.809
984.850	5.799
985.160	5.792
985.470	5.793
985.780	5.787
986.090	5.787
986.400	5.781
986.710	5.789
987.030	5.789
987.340	5.797
987.650	5.788
987.960	5.782
988.270	5.785
988.580	5.778
988.890	5.779
989.210	5.778
989.520	5.770
989.830	5.769
990.140	5.751
990.450	5.748
990.760	5.741
991.070	5.729
991.390	5.727
991.700	5.713
992.010	5.710
992.320	5.702
992.630	5.696
992.940	5.699
993.260	5.693
993.570	5.708
993.880	5.707
994.190	5.707
994.500	5.698
994.810	5.701
995.130	5.701
995.440	5.702
995.750	5.692
996.060	5.685
996.370	5.682
996.680	5.680
997.000	5.672
997.310	5.663
997.620	5.646
997.930	5.655
998.240	5.652
998.560	5.656
998.870	5.655
999.180	5.659
999.490	5.651
999.800	5.656
1000.120	5.641
1000.430	5.636
1000.740	5.638
1001.050	5.641
1001.360	5.625
1001.680	5.605
1001.990	5.590
1002.300	5.588
1002.610	5.577
1002.930	5.582
1003.240	5.559
1003.550	5.565
1003.860	5.550
1004.170	5.527
1004.490	5.528
1004.800	5.532
1005.110	5.543
1005.420	5.550
1005.740	5.544
1006.050	5.547
1006.360	5.536
1006.670	5.533
1006.990	5.524
1007.300	5.534
1007.610	5.547
1007.920	5.548
1008.240	5.545
1008.550	5.545
1008.860	5.540
1009.170	5.545
1009.490	5.539
1009.800	5.541
1010.110	5.539
1010.420	5.549
1010.740	5.547
1011.050	5.551
1011.360	5.540
1011.680	5.539
1011.990	5.528
1012.300	5.530
1012.610	5.521
1012.930	5.510
1013.240	5.504
1013.550	5.509
1013.870	5.495
1014.180	5.482
1014.490	5.466
1014.800	5.456
1015.120	5.448
1015.430	5.449
1015.740	5.425
1016.060	5.431
1016.370	5.433
1016.680	5.441
1017.000	5.419
1017.310	5.423
1017.620	5.430
1017.930	5.430
1018.250	5.428
1018.560	5.427
1018.870	5.422
1019.190	5.421
1019.500	5.414
1019.810	5.421
1020.130	5.409
1020.440	5.410
1020.750	5.405
1021.070	5.383
1021.380	5.381
1021.690	5.378
1022.010	5.377
1022.320	5.387
1022.630	5.388
1022.950	5.381
1023.260	5.383
1023.570	5.376
1023.890	5.391
1024.200	5.394
1024.510	5.413
1024.830	5.430
1025.140	5.431
1025.460	5.423
1025.770	5.408
1026.080	5.422
1026.400	5.409
1026.710	5.408
1027.020	5.434
1027.340	5.432
1027.650	5.427
1027.960	5.418
1028.280	5.399
1028.590	5.397
1028.910	5.405
1029.220	5.402
1029.530	5.394
1029.850	5.407
1030.160	5.414
1030.480	5.380
1030.790	5.359
1031.100	5.353
1031.420	5.362
1031.730	5.345
1032.050	5.347
1032.360	5.347
1032.670	5.348
1032.990	5.338
1033.300	5.327
1033.620	5.314
1033.930	5.331
1034.240	5.348
1034.560	5.341
1034.870	5.332
1035.190	5.333
1035.500	5.338
1035.810	5.321
1036.130	5.316
1036.440	5.311
1036.760	5.322
1037.070	5.305
1037.390	5.268
1037.700	5.249
1038.010	5.274
1038.330	5.256
1038.640	5.267
1038.960	5.244
1039.270	5.253
1039.590	5.239
1039.900	5.239
1040.220	5.214
1040.530	5.216
1040.840	5.248
1041.160	5.250
1041.470	5.212
1041.790	5.211
1042.100	5.207
1042.420	5.232
1042.730	5.237
1043.050	5.236
1043.360	5.241
1043.680	5.255
1043.990	5.267
1044.310	5.260
1044.620	5.252
1044.940	5.265
1045.250	5.274
1045.560	5.276
1045.880	5.255
1046.190	5.250
1046.510	5.257
1046.820	5.265
1047.140	5.253
1047.450	5.250
1047.770	5.248
1048.080	5.265
1048.400	5.251
1048.710	5.259
1049.030	5.243
1049.340	5.253
1049.660	5.239
1049.970	5.247
1050.290	5.232
1050.600	5.220
1050.920	5.204
1051.230	5.206
1051.550	5.207
1051.860	5.218
1052.180	5.212
1052.500	5.224
1052.810	5.226
1053.130	5.230
1053.440	5.212
1053.760	5.226
1054.070	5.243
1054.390	5.249
1054.700	5.245
1055.020	5.225
1055.330	5.225
1055.650	5.234
1055.960	5.232
1056.280	5.230
1056.590	5.223
1056.910	5.222
1057.230	5.205
1057.540	5.221
1057.860	5.218
1058.170	5.243
1058.490	5.244
1058.800	5.246
1059.120	5.231
1059.440	5.236
1059.750	5.216
1060.070	5.232
1060.380	5.238
1060.700	5.247
1061.010	5.232
1061.330	5.225
1061.650	5.196
1061.960	5.207
1062.280	5.189
1062.590	5.192
1062.910	5.179
1063.220	5.186
1063.540	5.169
1063.860	5.173
1064.170	5.145
1064.490	5.145
1064.800	5.162
1065.120	5.175
1065.440	5.159
1065.750	5.173
1066.070	5.156
1066.380	5.164
1066.700	5.181
1067.020	5.181
1067.330	5.165
1067.650	5.177
1067.960	5.167
1068.280	5.163
1068.600	5.147
1068.910	5.156
1069.230	5.152
1069.550	5.158
1069.860	5.144
1070.180	5.147
1070.490	5.138
1070.810	5.158
1071.130	5.157
1071.440	5.166
1071.760	5.167
1072.080	5.169
1072.390	5.171
1072.710	5.181
1073.030	5.169
1073.340	5.181
1073.660	5.158
1073.970	5.172
1074.290	5.174
1074.610	5.174
1074.920	5.161
1075.240	5.160
1075.560	5.152
1075.870	5.135
1076.190	5.120
1076.510	5.139
1076.820	5.128
1077.140	5.138
1077.460	5.142
1077.770	5.142
1078.090	5.160
1078.410	5.186
1078.720	5.169
1079.040	5.181
1079.360	5.196
1079.680	5.199
1079.990	5.183
1080.310	5.198
1080.630	5.184
1080.940	5.155
1081.260	5.132
1081.580	5.115
1081.890	5.090
1082.210	5.094
1082.530	5.062
1082.840	5.064
1083.160	5.053
1083.480	5.058
1083.800	5.060
1084.110	5.055
1084.430	5.068
1084.750	5.077
1085.060	5.061
1085.380	5.100
1085.700	5.107
1086.020	5.121
1086.330	5.128
1086.650	5.141
1086.970	5.128
1087.290	5.089
1087.600	5.105
1087.920	5.136
1088.240	5.129
1088.550	5.133
1088.870	5.101
1089.190	5.107
1089.510	5.107
1089.820	5.092
1090.140	5.080
1090.460	5.097
1090.780	5.120
1091.090	5.112
1091.410	5.092
1091.730	5.098
1092.050	5.091
1092.360	5.077
1092.680	5.053
1093.000	5.070
1093.320	5.063
1093.640	5.075
1093.950	5.061
1094.270	5.068
1094.590	5.073
1094.910	5.059
1095.220	5.055
1095.540	5.077
1095.860	5.077
1096.180	5.087
1096.500	5.069
1096.810	5.084
1097.130	5.071
1097.450	5.074
1097.770	5.049
1098.090	5.052
1098.400	5.049
1098.720	5.047
1099.040	5.035
1099.360	5.071
1099.680	5.067
1099.990	5.070
1100.310	5.058
1100.630	5.082
1100.950	5.075
1101.270	5.086
1101.580	5.101
1101.900	5.129
1102.220	5.126
1102.540	5.134
1102.860	5.105
1103.180	5.117
1103.490	5.107
1103.810	5.103
1104.130	5.090
1104.450	5.103
1104.770	5.098
1105.080	5.083
1105.400	5.065
1105.720	5.070
1106.040	5.057
1106.360	5.050
1106.680	5.019
1107.000	5.024
1107.310	5.029
1107.630	5.026
1107.950	5.013
1108.270	5.033
1108.590	5.021
1108.910	5.007
1109.230	5.016
1109.540	5.023
1109.860	5.018
1110.180	5.041
1110.500	5.036
1110.820	5.051
1111.140	5.047
1111.460	5.048
1111.780	5.026
1112.090	5.022
1112.410	5.012
1112.730	5.015
1113.050	4.988
1113.370	4.977
1113.690	4.956
1114.010	4.962
1114.330	4.930
1114.640	4.937
1114.960	4.946
1115.280	4.968
1115.600	4.986
1115.920	5.019
1116.240	4.987
1116.560	5.007
1116.880	5.014
1117.200	5.023
1117.520	5.018
1117.840	5.032
1118.150	5.024
1118.470	5.028
1118.790	5.005
1119.110	5.009
1119.430	4.990
1119.750	5.013
1120.070	5.013
1120.390	5.027
1120.710	5.040
1121.030	5.058
1121.350	5.043
1121.670	5.049
1121.990	5.046
1122.300	5.052
1122.620	5.028
1122.940	5.054
1123.260	5.032
1123.580	5.059
1123.900	5.052
1124.220	5.046
1124.540	5.037
1124.860	5.079
1125.180	5.074
1125.500	5.078
1125.820	5.076
1126.140	5.093
1126.460	5.081
1126.780	5.118
1127.100	5.096
1127.420	5.121
1127.740	5.114
1128.060	5.118
1128.380	5.078
1128.700	5.079
1129.020	5.064
1129.340	5.078
1129.660	5.072
1129.980	5.062
1130.300	5.043
1130.620	5.066
1130.940	5.030
1131.260	5.048
1131.580	5.037
1131.900	5.052
1132.220	5.053
1132.540	5.068
1132.860	5.058
1133.180	5.070
1133.500	5.079
1133.820	5.098
1134.140	5.078
1134.460	5.115
1134.780	5.102
1135.100	5.106
1135.420	5.108
1135.740	5.111
1136.060	5.123
1136.380	5.130
1136.700	5.107
1137.020	5.095
1137.340	5.089
1137.660	5.121
1137.980	5.087
1138.300	5.103
1138.620	5.103
1138.940	5.095
1139.260	5.085
1139.580	5.089
1139.900	5.066
1140.220	5.086
1140.540	5.086
1140.860	5.083
1141.180	5.041
1141.500	5.074
1141.820	5.081
1142.140	5.108
1142.460	5.098
1142.790	5.090
1143.110	5.086
1143.430	5.108
1143.750	5.095
1144.070	5.107
1144.390	5.091
1144.710	5.109
1145.030	5.086
1145.350	5.073
1145.670	5.044
1145.990	5.059
1146.310	5.062
1146.630	5.052
1146.960	5.043
1147.280	5.062
1147.600	5.028
1147.920	5.029
1148.240	4.996
1148.560	5.023
1148.880	5.008
1149.200	5.018
1149.520	5.041
1149.840	5.055
1150.160	5.031
1150.490	5.039
1150.810	5.030
1151.130	5.060
1151.450	5.047
1151.770	5.070
1152.090	5.041
1152.410	5.042
1152.730	5.011
1153.050	5.000
1153.380	4.983
1153.700	4.986
1154.020	4.954
1154.340	4.944
1154.660	4.950
1154.980	4.961
1155.300	4.955
1155.630	4.972
1155.950	4.970
1156.270	5.008
1156.590	4.990
1156.910	5.000
1157.230	5.027
1157.550	5.049
1157.880	5.033
1158.200	5.025
1158.520	5.022
1158.840	5.031
1159.160	4.997
1159.480	5.009
1159.800	4.974
1160.130	4.969
1160.450	4.955
1160.770	4.943
1161.090	4.949
1161.410	4.975
1161.730	4.962
1162.060	4.974
1162.380	4.967
1162.700	5.005
1163.020	4.990
1163.340	5.020
1163.670	5.006
1163.990	5.031
1164.310	5.027
1164.630	5.037
1164.950	5.023
1165.270	5.025
1165.600	5.006
1165.920	5.018
1166.240	5.002
1166.560	5.015
1166.880	5.046
1167.210	5.076
1167.530	5.057
1167.850	5.092
1168.170	5.083
1168.500	5.092
1168.820	5.101
1169.140	5.123
1169.460	5.098
1169.780	5.117
1170.110	5.120
1170.430	5.081
1170.750	5.068
1171.070	5.064
1171.400	5.032
1171.720	5.026
1172.040	5.002
1172.360	5.009
1172.680	4.984
1173.010	4.992
1173.330	4.971
1173.650	4.970
1173.970	4.969
1174.300	4.983
1174.620	4.982
1174.940	5.016
1175.260	5.005
1175.590	5.031
1175.910	5.004
1176.230	5.025
1176.550	5.025
1176.880	5.023
1177.200	5.021
1177.520	5.018
1177.840	4.992
1178.170	5.021
1178.490	4.965
1178.810	4.970
1179.140	4.962
1179.460	4.998
1179.780	4.979
1180.100	4.988
1180.430	4.982
1180.750	4.984
1181.070	4.995
1181.400	5.017
1181.720	4.994
1182.040	5.023
1182.360	5.037
1182.690	5.041
1183.010	5.023
1183.330	5.035
1183.660	5.036
1183.980	5.059
1184.300	5.054
1184.630	5.044
1184.950	5.047
1185.270	5.060
1185.590	5.052
1185.920	5.046
1186.240	5.034
1186.560	5.025
1186.890	5.021
1187.210	5.008
1187.530	4.980
1187.860	4.986
1188.180	4.979
1188.500	4.928
1188.830	4.923
1189.150	4.910
1189.470	4.904
1189.800	4.901
1190.120	4.892
1190.440	4.899
1190.770	4.903
1191.090	4.911
1191.410	4.883
1191.740	4.894
1192.060	4.935
1192.380	4.923
1192.710	4.938
1193.030	4.925
1193.360	4.920
1193.680	4.933
1194.000	4.910
1194.330	4.914
1194.650	4.914
1194.970	4.912
1195.300	4.882
1195.620	4.871
1195.940	4.856
1196.270	4.847
1196.590	4.847
1196.920	4.850
1197.240	4.828
1197.560	4.835
1197.890	4.822
1198.210	4.844
1198.540	4.835
1198.860	4.857
1199.180	4.840
1199.510	4.885
1199.830	4.851
1200.150	4.887
1200.480	4.891
1200.800	4.903
1201.130	4.882
1201.450	4.877
1201.780	4.845
1202.100	4.847
1202.420	4.842
1202.750	4.867
1203.070	4.815
1203.400	4.845
1203.720	4.809
1204.040	4.787
1204.370	4.790
1204.690	4.815
1205.020	4.824
1205.340	4.840
1205.670	4.861
1205.990	4.865
1206.310	4.868
1206.640	4.887
1206.960	4.894
1207.290	4.947
1207.610	4.970
1207.940	4.974
1208.260	4.983
1208.590	4.996
1208.910	4.994
1209.230	4.997
1209.560	4.994
1209.880	4.972
1210.210	4.970
1210.530	4.987
1210.860	4.934
1211.180	4.943
1211.510	4.947
1211.830	4.960
1212.160	4.952
1212.480	4.949
1212.800	4.937
1213.130	4.959
1213.450	4.973
1213.780	5.005
1214.100	4.990
1214.430	4.994
1214.750	4.979
1215.080	4.975
1215.400	4.972
1215.730	4.974
1216.050	4.970
1216.380	4.984
1216.700	4.956
1217.030	4.964
1217.350	4.911
1217.680	4.912
1218.000	4.909
1218.330	4.904
1218.650	4.888
1218.980	4.870
1219.300	4.848
1219.630	4.839
1219.950	4.839
1220.280	4.858
1220.600	4.829
1220.930	4.868
1221.250	4.847
1221.580	4.846
1221.900	4.838
1222.230	4.865
1222.560	4.847
1222.880	4.878
1223.210	4.886
1223.530	4.887
1223.860	4.861
1224.180	4.894
1224.510	4.860
1224.830	4.857
1225.160	4.866
1225.480	4.886
1225.810	4.858
1226.130	4.877
1226.460	4.852
1226.790	4.879
1227.110	4.845
1227.440	4.880
1227.760	4.863
1228.090	4.898
1228.410	4.911
1228.740	4.924
1229.060	4.932
1229.390	4.972
1229.720	4.969
1230.040	5.004
1230.370	4.983
1230.690	5.009
1231.020	4.987
1231.350	4.991
1231.670	4.953
1232.000	4.954
1232.320	4.948
1232.650	4.968
1232.970	4.933
1233.300	4.936
1233.630	4.913
1233.950	4.929
1234.280	4.939
1234.600	4.950
1234.930	4.949
1235.260	4.975
1235.580	4.990
1235.910	4.996
1236.230	4.964
1236.560	4.983
1236.890	4.976
1237.210	4.980
1237.540	4.959
1237.870	4.951
1238.190	4.948
1238.520	4.980
1238.840	4.981
1239.170	4.986
1239.500	4.960
1239.820	4.976
1240.150	4.948
1240.480	4.964
1240.800	4.951
1241.130	4.986
1241.450	4.983
1241.780	4.983
1242.110	4.960
1242.430	4.962
1242.760	4.949
1243.090	5.005
1243.410	4.989
1243.740	5.016
1244.070	5.005
1244.390	5.010
1244.720	4.981
1245.050	4.998
1245.370	5.000
1245.700	4.996
1246.030	4.987
1246.350	4.990
1246.680	4.947
1247.010	4.944
1247.330	4.934
1247.660	4.942
1247.990	4.944
1248.310	4.965
1248.640	4.922
1248.970	4.954
1249.290	4.938
1249.620	4.939
1249.950	4.943
1250.270	4.944
1250.600	4.941
1250.930	4.956
1251.250	4.959
1251.580	4.971
1251.910	4.963
1252.240	4.979
1252.560	4.942
1252.890	4.955
1253.220	4.944
1253.540	4.933
1253.870	4.935
1254.200	4.948
1254.530	4.938
1254.850	4.930
1255.180	4.899
1255.510	4.900
1255.830	4.907
1256.160	4.923
1256.490	4.910
1256.820	4.929
1257.140	4.932
1257.470	4.913
1257.800	4.897
1258.120	4.901
1258.450	4.880
1258.780	4.910
1259.110	4.888
1259.430	4.865
1259.760	4.848
1260.090	4.840
1260.420	4.807
1260.740	4.805
1261.070	4.794
1261.400	4.778
1261.730	4.768
1262.050	4.763
1262.380	4.730
1262.710	4.718
1263.040	4.721
1263.370	4.712
1263.690	4.717
1264.020	4.726
1264.350	4.688
1264.680	4.707
